0.0003066270728595555
3.5986772672913503e-07
0.00026493301265873015
0.0004501260118559003
1.8828664849479537e-08
0.00044563112896867096
0.00045791594311594963
0.00048271723790094256
0.0014773202128708363
0.0016153352335095406
0.0016737609403207898
0.0004081472579855472
0.0021852096542716026
0.002185094403102994
0.0020824107341468334
1.4407298749574693e-06
0.0017735165311023593
0.001770012779161334
0.001757606747560203
0.001779465121217072
0.014156735502183437
0.034482747316360474
0.03567050024867058
0.035700492560863495
0.035702645778656006
0.03570270538330078
0.016015278175473213
0.017405224964022636
0.01008748821914196
0.01733478158712387
0.015778400003910065
0.01737631857395172
0.017376327887177467
0.01738010160624981
9.120532922679558e-05
0.01737329363822937
0.01736559346318245
0.017338531091809273
0.017293669283390045
0.017340881749987602
0.017367348074913025
0.017372719943523407
0.01725763827562332
0.012207694351673126
0.012214665301144123
0.01221638172864914
0.012216896750032902
0.012216988950967789
0.012217029929161072
0.012214403599500656
0.0070284223183989525
0.012906818650662899
0.011163254268467426
0.011162592098116875
0.011698177084326744
0.01185268722474575
0.011853053234517574
0.011853041127324104
0.011845779605209827
0.008039628155529499
0.011853053234517574
0.011854717507958412
0.021930651739239693
0.013650533743202686
0.00013365811901167035
0.011853059753775597
0.011853053234517574
0.01185494102537632
0.01905805990099907
0.02237602323293686
0.022376773878932
0.02237679250538349
0.022376788780093193
0.02237652614712715
0.022366845980286598
0.014208192005753517
0.02241114154458046
0.02259272150695324
0.02579469606280327
0.0017728214152157307
0.0406796857714653
0.040285833179950714
0.021890914067626
0.025257756933569908
0.040133677423000336
1.7832184084909386e-07
4.688130843533145e-07
3.807422999102528e-08
7.468135443389201e-09
1.5482918058751238e-08
1.6410963254998023e-08
1.5072892267653515e-08
1.6405211411552045e-08
1.234093076618592e-07
0.00019762282317969948
0.00030684354715049267
0.00034758890978991985
0.00034898589365184307
0.0003490270464681089
0.00034890807000920177
0.00034263471025042236
0.0003490287053864449
0.0003490287053864449
0.0003490287053864449
0.0003490287053864449
0.0003490290546324104
0.0003490356612019241
0.0003523248597048223
0.0011292085982859135
0.002302647801116109
0.01457790844142437
0.015571861527860165
0.01475690770894289
0.019238751381635666
0.014571449719369411
0.014571081846952438
0.014571062289178371
0.014571062289178371
0.014571111649274826
0.014570851810276508
0.014233415015041828
0.01111447811126709
0.01456899382174015
0.01442984864115715
0.032390594482421875
0.04778096824884415
0.04774107038974762
0.04771232604980469
0.04778348281979561
0.047889210283756256
0.04877227544784546
0.0001954344188561663
0.04689408838748932
0.04745090752840042
0.04788242280483246
0.04705248773097992
0.05357864499092102
0.05512918531894684
0.055309828370809555
0.05495956540107727
0.05020929127931595
0.0524468831717968
0.05675510689616203
0.06697965413331985
0.06693831831216812
0.06681143492460251
0.06665275990962982
0.06686314195394516
0.06697481125593185
0.06699133664369583
6.845295138191432e-05
0.06698378920555115
0.06467743963003159
0.06646256148815155
0.06690696626901627
0.06697826832532883
0.06559562683105469
0.05033349245786667
0.050296396017074585
0.050451237708330154
0.0530555322766304
0.047880787402391434
0.047833893448114395
0.0478338859975338
0.04783390834927559
0.047834426164627075
0.04783844202756882
0.047925855964422226
0.22127138078212738
0.3446429371833801
0.3446429371833801
0.34477803111076355
0.4269445240497589
0.2602061927318573
0.8240087628364563
0.3561484217643738
0.27954018115997314
0.27355366945266724
0.2983647882938385
0.9548520445823669
0.9112772941589355
0.9112770557403564
0.9112770557403564
0.9112770557403564
0.9112770557403564
0.9112770557403564
0.9112770557403564
0.9111801385879517
0.2993721067905426
0.9165723919868469
0.9419633150100708
0.853979229927063
0.018099160864949226
0.01921369880437851
0.7792056202888489
0.8418457508087158
0.0006345188012346625
0.8383610248565674
0.8442531228065491
0.8483578562736511
0.9921414852142334
0.984459638595581
0.9958803653717041
0.9966664910316467
0.9990214109420776
0.9994925260543823
0.9994331002235413
0.9995138645172119
0.9995135068893433
0.0828256607055664
0.07573096454143524
0.07572855055332184
0.06412850320339203
0.9401800632476807
0.9841745495796204
0.6088415384292603
0.9389515519142151
0.9389492273330688
0.939096987247467
0.9398573040962219
0.9497450590133667
0.9514972567558289
0.9514972567558289
0.9514972567558289
0.9514990448951721
0.9511218070983887
0.9072396159172058
0.9150675535202026
0.918296754360199
0.34986215829849243
0.9147817492485046
0.9147583246231079
0.9147582054138184
0.9147583246231079
0.9147583246231079
0.9147583246231079
0.9147582054138184
0.9147768616676331
0.9191816449165344
0.999924898147583
0.999924898147583
0.999924898147583
0.9999465942382812
0.9999251365661621
0.999924898147583
0.999924898147583
0.9999251365661621
0.9999648332595825
0.9999547004699707
0.9998958110809326
0.9999547004699707
0.9999547004699707
0.9999545812606812
0.9999538660049438
0.9999772310256958
0.9999767541885376
0.9999547004699707
0.9999547004699707
0.9999547004699707
0.9999547004699707
0.9999547004699707
0.9999585151672363
0.997627317905426
0.9976257681846619
0.996681272983551
0.9976258873939514
0.9976258873939514
0.9976258873939514
0.9976258873939514
0.9976258873939514
0.9976258873939514
0.9976258873939514
0.997626006603241
0.9976285099983215
0.9987242817878723
0.9999547004699707
0.9999547004699707
0.9999547004699707
0.9999547004699707
0.9999547004699707
0.9999547004699707
0.9999547004699707
0.9999547004699707
0.999897837638855
0.9999548196792603
0.9999583959579468
0.9999734163284302
0.9999734163284302
0.9999734163284302
0.9999734163284302
0.9999734163284302
0.9999734163284302
0.9999734163284302
0.999984622001648
0.9999986886978149
0.9999991655349731
0.9999991655349731
0.9999991655349731
0.9999988079071045
0.9999991655349731
0.9999991655349731
0.9999991655349731
0.9999991655349731
0.9999991655349731
0.9999991655349731
0.9999991655349731
0.9999991655349731
0.9999991655349731
0.9999991655349731
0.9999991655349731
0.999998927116394
0.999998927116394
0.9999980926513672
0.999998927116394
0.999998927116394
0.999998927116394
0.999998927116394
0.999998927116394
0.999998927116394
0.999998927116394
0.999998927116394
0.999998927116394
0.999998927116394
0.999998927116394
0.999998927116394
0.999998927116394
0.999998927116394
0.999998927116394
0.999998927116394
0.999998927116394
0.9999983310699463
0.9999983310699463
0.9999983310699463
0.9999983310699463
0.24972660839557648
0.3454955816268921
0.2477049082517624
0.2451050579547882
0.2343761920928955
0.2540733218193054
0.00018798859673552215
0.0006727867876179516
0.09965275228023529
0.0681629627943039
0.06705453991889954
0.07082109153270721
0.06823644787073135
0.06862716376781464
0.0582682266831398
0.05899593606591225
0.05153298377990723
0.05901509150862694
0.05896662175655365
0.05699947103857994
1.0233293323835824e-06
0.059014249593019485
0.0590173713862896
0.0590173713862896
0.05901731550693512
0.0590173713862896
0.05901726335287094
0.059717945754528046
0.3752574920654297
0.37522798776626587
0.37623119354248047
0.9947370886802673
0.997195839881897
0.997195839881897
0.997195839881897
0.9971959590911865
0.9972013235092163
0.9980775117874146
0.9984669089317322
0.9984673857688904
0.9984799027442932
0.9999841451644897
0.9984669089317322
0.9984669089317322
0.9984669089317322
0.9984669089317322
0.9984583854675293
0.9976946711540222
0.9984681010246277
0.9971390962600708
0.9984671473503113
0.9984694123268127
0.9985089898109436
0.9528310298919678
0.9984671473503113
0.9984669089317322
0.9984669089317322
0.9984669089317322
0.9984669089317322
0.9984669089317322
0.9984669089317322
0.9984670281410217
0.9999876022338867
0.9984669089317322
0.9984669089317322
0.9984669089317322
0.9984669089317322
0.9984669089317322
0.9984669089317322
0.9984606504440308
0.9984082579612732
0.9984669089317322
0.9984667301177979
0.9983161687850952
0.9984369874000549
0.9951326251029968
0.9782100319862366
0.9938973784446716
0.9938980937004089
0.9939087629318237
0.9940991401672363
0.9971176385879517
0.9945514798164368
0.9939099550247192
0.9938974976539612
0.9938973784446716
0.9938973784446716
0.9938991069793701
0.9979409575462341
0.9988645315170288
0.9988645315170288
0.9988646507263184
0.9989973902702332
0.9997366070747375
0.9997366070747375
0.9997366070747375
0.999656081199646
0.9997381567955017
0.9997373223304749
0.9997382760047913
0.9998243451118469
0.9999459981918335
0.9999459981918335
0.9999459981918335
0.9999459981918335
0.9999459981918335
0.9999459981918335
0.9999459981918335
0.9999459981918335
0.9999459981918335
0.9999459981918335
0.9999459981918335
0.999945878982544
0.999945878982544
0.9999514818191528
0.9998341798782349
0.999826967716217
0.9998358488082886
1.0
1.0
1.0
1.0
1.0
1.0
1.0
1.0
1.0
1.0
1.0
1.0
1.0
1.0
1.0
1.0
1.0
1.0
1.0
1.0
1.0
1.0
1.0
1.0
1.0
1.0
1.0
1.0
1.0
1.0
1.0
1.0
1.0
1.0
1.0
1.0
1.0
1.0
1.0
1.0
1.0
1.0
1.0
1.0
1.0
1.0
1.0
1.0
1.0
1.0
1.0
1.0
1.0
1.0
1.0
1.0
1.0
1.0
1.0
1.0
1.0
1.0
1.0
1.0
1.0
1.0
1.0
1.0
1.0
1.0
1.0
1.0
1.0
1.0
1.0
1.0
1.0
1.0
1.0
1.0
1.0
1.0
1.0
1.0
1.0
1.0
1.0
1.0
1.0
1.0
1.0
1.0
1.0
1.0
1.0
1.0
1.0
1.0
1.0
1.0
1.0
1.0
1.0
1.0
1.0
1.0
1.0
1.0
1.0
1.0
1.0
1.0
1.0
1.0
1.0
1.0
1.0
1.0
1.0
1.0
1.0
1.0
1.0
1.0
1.0
1.0
1.0
1.0
1.0
1.0
1.0
1.0
1.0
1.0
1.0
1.0
1.0
1.0
1.0
1.0
1.0
1.0
1.0
1.0
1.0
1.0
1.0
1.0
1.0
1.0
1.0
1.0
1.0
1.0
1.0
1.0
1.0
1.0
1.0
1.0
1.0
1.0
1.0
1.0
1.0
1.0
1.0
1.0
1.0
1.0
1.0
1.0
1.0
0.9999998807907104
1.0
1.0
1.0
1.0
1.0
1.0
1.0
1.0
1.0
1.0
1.0
1.0
1.0
1.0
1.0
1.0
1.0
1.0
1.0
1.0
1.0
1.0
1.0
1.0
1.0
1.0
1.0
1.0
1.0
1.0
1.0
1.0
1.0
1.0
1.0
1.0
1.0
1.0
1.0
1.0
1.0
1.0
1.0
1.0
1.0
1.0
1.0
1.0
1.0
1.0
0.9999980926513672
0.9999983310699463
0.9999983310699463
0.9999983310699463
0.9999983310699463
0.9999974966049194
0.9999983310699463
0.9999983310699463
0.9999983310699463
0.9999983310699463
0.9999983310699463
0.9999983310699463
0.9999979734420776
0.9999973773956299
0.9999983310699463
0.9999983310699463
0.9999983310699463
0.9999983310699463
0.9999983310699463
0.9999983310699463
0.9999983310699463
0.999997615814209
0.9999983310699463
0.9999983310699463
0.9999980926513672
0.9999983310699463
0.9999983310699463
0.9999983310699463
0.9999983310699463
0.9999983310699463
0.9999983310699463
0.9999983310699463
0.9999983310699463
0.9999983310699463
0.9999983310699463
1.0
1.0
1.0
1.0
1.0
1.0
1.0
1.0
1.0
1.0
1.0
1.0
1.0
1.0
1.0
1.0
1.0
1.0
1.0
1.0
1.0
1.0
1.0
1.0
1.0
1.0
1.0
1.0
1.0
1.0
1.0
1.0
1.0
1.0
1.0
1.0
1.0
1.0
1.0
1.0
1.0
1.0
1.0
1.0
1.0
1.0
1.0
1.0
1.0
1.0
1.0
1.0
1.0
1.0
1.0
1.0
1.0
1.0
1.0
1.0
1.0
1.0
1.0
1.0
1.0
1.0
1.0
1.0
1.0
1.0
1.0
1.0
1.0
1.0
1.0
1.0
1.0
1.0
1.0
1.0
1.0
1.0
1.0
1.0
1.0
1.0
1.0
1.0
1.0
1.0
1.0
1.0
1.0
1.0
1.0
1.0
1.0
1.0
1.0
1.0
1.0
1.0
1.0
1.0
1.0
1.0
1.0
1.0
1.0
1.0
1.0
1.0
1.0
1.0
1.0
1.0
1.0
1.0
1.0
1.0
1.0
1.0
1.0
1.0
1.0
1.0
1.0
1.0
1.0
1.0
1.0
1.0
1.0
1.0
1.0
1.0
1.0
1.0
1.0
1.0
1.0
1.0
1.0
1.0
1.0
1.0
1.0
1.0
1.0
1.0
1.0
1.0
1.0
1.0
1.0
1.0
1.0
1.0
1.0
1.0
1.0
1.0
1.0
1.0
1.0
1.0
1.0
1.0
1.0
1.0
1.0
1.0
1.0
1.0
1.0
1.0
1.0
1.0
1.0
1.0
1.0
1.0
1.0
1.0
1.0
1.0
1.0
1.0
1.0
1.0
1.0
1.0
1.0
1.0
1.0
1.0
1.0
1.0
1.0
1.0
1.0
1.0
1.0
1.0
1.0
1.0
1.0
1.0
1.0
1.0
1.0
1.0
1.0
1.0
1.0
1.0
1.0
1.0
1.0
1.0
1.0
1.0
1.0
1.0
1.0
1.0
1.0
1.0
1.0
1.0
1.0
1.0
1.0
1.0
1.0
1.0
1.0
1.0
1.0
1.0
1.0
1.0
1.0
1.0
1.0
1.0
1.0
1.0
1.0
1.0
1.0
1.0
1.0
1.0
1.0
1.0
1.0
1.0
1.0
1.0
1.0
1.0
1.0
1.0
1.0
1.0
1.0
1.0
1.0
1.0
1.0
1.0
1.0
1.0
1.0
1.0
1.0
1.0
1.0
1.0
1.0
1.0
1.0
1.0
1.0
1.0
1.0
1.0
1.0
1.0
1.0
1.0
1.0
1.0
1.0
1.0
1.0
1.0
1.0
1.0
1.0
1.0
1.0
1.0
1.0
1.0
1.0
1.0
1.0
1.0
1.0
1.0
1.0
1.0
1.0
1.0
1.0
1.0
1.0
1.0
1.0
1.0
1.0
1.0
1.0
1.0
1.0
1.0
1.0
1.0
1.0
1.0
1.0
1.0
1.0
1.0
1.0
1.0
1.0
1.0
1.0
1.0
1.0
1.0
1.0
1.0
1.0
1.0
1.0
1.0
1.0
1.0
1.0
1.0
1.0
1.0
1.0
1.0
1.0
1.0
1.0
1.0
1.0
1.0
1.0
1.0
0.9999532699584961
0.9999996423721313
0.9999997615814209
1.0
1.0
1.0
1.0
1.0
1.0
1.0
1.0
1.0
1.0
1.0
1.0
1.0
1.0
1.0
1.0
1.0
1.0
1.0
1.0
1.0
1.0
1.0
1.0
1.0
1.0
1.0
1.0
1.0
1.0
1.0
1.0
1.0
1.0
1.0
1.0
1.0
1.0
1.0
1.0
1.0
1.0
1.0
1.0
1.0
1.0
1.0
1.0
1.0
1.0
1.0
1.0
1.0
1.0
1.0
1.0
1.0
1.0
1.0
1.0
1.0
1.0
1.0
1.0
1.0
1.0
1.0
1.0
1.0
1.0
1.0
1.0
1.0
1.0
1.0
1.0
1.0
1.0
1.0
1.0
1.0
1.0
1.0
1.0
1.0
1.0
1.0
1.0
1.0
1.0
1.0
1.0
1.0
1.0
1.0
1.0
1.0
1.0
1.0
1.0
1.0
1.0
1.0
1.0
1.0
1.0
1.0
1.0
1.0
1.0
1.0
1.0
1.0
1.0
1.0
1.0
1.0
1.0
1.0
1.0
1.0
1.0
1.0
1.0
1.0
1.0
1.0
1.0
1.0
1.0
1.0
1.0
1.0
1.0
1.0
1.0
1.0
1.0
1.0
1.0
1.0
1.0
1.0
1.0
1.0
1.0
1.0
1.0
1.0
1.0
1.0
1.0
1.0
1.0
1.0
1.0
1.0
1.0
1.0
1.0
1.0
1.0
1.0
1.0
1.0
1.0
1.0
1.0
1.0
1.0
1.0
1.0
1.0
1.0
1.0
1.0
1.0
1.0
1.0
1.0
1.0
1.0
1.0
1.0
1.0
1.0
1.0
1.0
1.0
1.0
1.0
1.0
1.0
1.0
1.0
1.0
1.0
1.0
1.0
1.0
1.0
1.0
1.0
1.0
1.0
1.0
1.0
1.0
1.0
1.0
1.0
1.0
1.0
1.0
1.0
1.0
1.0
1.0
1.0
1.0
1.0
1.0
1.0
1.0
1.0
1.0
1.0
1.0
1.0
1.0
1.0
1.0
1.0
1.0
1.0
1.0
1.0
1.0
1.0
1.0
1.0
1.0
1.0
1.0
1.0
1.0
1.0
1.0
1.0
1.0
1.0
1.0
1.0
1.0
1.0
1.0
1.0
1.0
1.0
1.0
1.0
0.9999995231628418
0.9999995231628418
0.9999995231628418
0.9999995231628418
0.9999995231628418
0.9999995231628418
0.9999995231628418
0.9999995231628418
0.9999995231628418
0.9999995231628418
0.9999995231628418
0.9999995231628418
0.9999995231628418
0.9999995231628418
0.9999995231628418
0.9999995231628418
0.9999995231628418
0.9999995231628418
0.9999995231628418
0.9999995231628418
0.9999995231628418
0.9999995231628418
0.9999995231628418
0.9999995231628418
0.9999995231628418
0.9999995231628418
0.9999995231628418
0.9999995231628418
0.9999995231628418
0.9999995231628418
1.0
1.0
1.0
1.0
1.0
1.0
1.0
1.0
1.0
1.0
1.0
1.0
1.0
1.0
1.0
1.0
1.0
1.0
1.0
1.0
1.0
1.0
1.0
1.0
1.0
1.0
1.0
1.0
1.0
1.0
1.0
1.0
1.0
1.0
1.0
1.0
1.0
1.0
1.0
1.0
1.0
1.0
1.0
1.0
1.0
1.0
1.0
1.0
1.0
1.0
1.0
1.0
1.0
1.0
1.0
1.0
1.0
1.0
1.0
1.0
1.0
1.0
1.0
1.0
1.0
1.0
1.0
1.0
1.0
1.0
1.0
1.0
1.0
1.0
1.0
1.0
1.0
1.0
1.0
1.0
1.0
1.0
1.0
1.0
1.0
1.0
1.0
1.0
1.0
1.0
1.0
0.9999868869781494
1.0
1.0
1.0
1.0
1.0
1.0
1.0
1.0
1.0
1.0
1.0
1.0
1.0
1.0
1.0
1.0
1.0
1.0
1.0
1.0
1.0
1.0
1.0
1.0
1.0
1.0
1.0
1.0
1.0
1.0
1.0
1.0
1.0
1.0
1.0
1.0
1.0
1.0
1.0
1.0
1.0
1.0
1.0
1.0
1.0
1.0
1.0
1.0
1.0
1.0
1.0
1.0
1.0
1.0
1.0
1.0
1.0
1.0
1.0
1.0
1.0
1.0
1.0
1.0
1.0
1.0
1.0
1.0
1.0
1.0
1.0
1.0
1.0
1.0
1.0
1.0
1.0
1.0
1.0
1.0
1.0
1.0
1.0
1.0
1.0
1.0
1.0
1.0
1.0
1.0
1.0
1.0
1.0
1.0
1.0
1.0
1.0
1.0
1.0
1.0
1.0
1.0
1.0
1.0
1.0
1.0
1.0
1.0
1.0
1.0
1.0
1.0
1.0
1.0
1.0
1.0
1.0
1.0
1.0
1.0
1.0
1.0
1.0
1.0
1.0
1.0
1.0
1.0
1.0
1.0
1.0
1.0
1.0
1.0
1.0
1.0
1.0
1.0
1.0
1.0
1.0
1.0
1.0
1.0
1.0
1.0
1.0
1.0
1.0
1.0
1.0
1.0
1.0
1.0
1.0
1.0
1.0
1.0
1.0
1.0
1.0
1.0
1.0
1.0
1.0
1.0
1.0
1.0
1.0
1.0
1.0
1.0
1.0
1.0
1.0
1.0
1.0
1.0
1.0
1.0
1.0
1.0
1.0
1.0
1.0
1.0
1.0
1.0
1.0
1.0
1.0
1.0
1.0
1.0
1.0
0.9987592697143555
1.0
1.0
1.0
1.0
1.0
1.0
1.0
1.0
1.0
1.0
1.0
1.0
1.0
1.0
1.0
1.0
1.0
1.0
1.0
1.0
1.0
1.0
1.0
1.0
1.0
1.0
1.0
1.0
1.0
1.0
1.0
1.0
1.0
1.0
1.0
1.0
1.0
1.0
1.0
1.0
1.0
1.0
1.0
1.0
1.0
1.0
1.0
1.0
1.0
1.0
1.0
1.0
1.0
1.0
1.0
1.0
1.0
1.0
1.0
1.0
1.0
1.0
1.0
1.0
1.0
1.0
1.0
1.0
1.0
1.0
1.0
1.0
1.0
1.0
1.0
1.0
1.0
1.0
1.0
1.0
1.0
1.0
1.0
1.0
1.0
1.0
1.0
1.0
1.0
1.0
1.0
1.0
1.0
1.0
1.0
1.0
1.0
1.0
1.0
1.0
1.0
1.0
1.0
1.0
1.0
1.0
1.0
1.0
1.0
1.0
1.0
1.0
1.0
1.0
1.0
1.0
1.0
1.0
1.0
1.0
1.0
1.0
1.0
1.0
1.0
1.0
1.0
1.0
1.0
1.0
1.0
1.0
1.0
1.0
1.0
1.0
1.0
1.0
1.0
1.0
1.0
1.0
1.0
1.0
1.0
1.0
1.0
1.0
1.0
1.0
1.0
1.0
1.0
1.0
1.0
1.0
1.0
1.0
1.0
1.0
1.0
1.0
1.0
1.0
1.0
1.0
1.0
1.0
1.0
1.0
1.0
1.0
1.0
1.0
1.0
1.0
1.0
1.0
1.0
1.0
1.0
1.0
1.0
1.0
1.0
1.0
1.0
1.0
1.0
1.0
1.0
1.0
1.0
1.0
1.0
1.0
1.0
1.0
1.0
1.0
1.0
1.0
1.0
1.0
1.0
1.0
1.0
1.0
1.0
1.0
1.0
1.0
1.0
1.0
1.0
1.0
1.0
1.0
1.0
1.0
1.0
1.0
1.0
1.0
1.0
1.0
1.0
1.0
1.0
1.0
1.0
1.0
1.0
1.0
1.0
1.0
1.0
1.0
1.0
1.0
1.0
1.0
1.0
1.0
1.0
1.0
1.0
1.0
1.0
1.0
1.0
1.0
1.0
1.0
1.0
1.0
1.0
1.0
1.0
1.0
1.0
1.0
1.0
1.0
1.0
1.0
1.0
1.0
1.0
1.0
1.0
1.0
1.0
1.0
1.0
1.0
0.9999998807907104
1.0
1.0
1.0
1.0
1.0
1.0
1.0
1.0
1.0
1.0
1.0
1.0
1.0
1.0
1.0
1.0
1.0
1.0
1.0
1.0
1.0
1.0
1.0
1.0
1.0
1.0
1.0
1.0
1.0
1.0
1.0
1.0
1.0
1.0
1.0
1.0
1.0
1.0
1.0
1.0
1.0
1.0
1.0
1.0
1.0
1.0
1.0
1.0
1.0
1.0
1.0
1.0
1.0
1.0
1.0
1.0
1.0
1.0
1.0
1.0
1.0
1.0
1.0
1.0
1.0
1.0
1.0
1.0
1.0
1.0
1.0
1.0
1.0
1.0
1.0
1.0
1.0
1.0
1.0
1.0
1.0
1.0
1.0
1.0
1.0
1.0
1.0
1.0
1.0
1.0
1.0
1.0
1.0
1.0
0.9993250370025635
0.9993243217468262
0.9993243217468262
0.9993243217468262
0.9993243217468262
0.9993243217468262
0.9993220567703247
0.9993242025375366
0.9993243217468262
0.9993244409561157
0.9993957281112671
0.9998223185539246
0.999822199344635
0.999822199344635
0.999822199344635
0.999822199344635
0.9998223185539246
0.9998258948326111
0.9999208450317383
0.9998229146003723
0.9998859167098999
0.999822199344635
0.999822199344635
0.999822199344635
0.999822199344635
0.999822199344635
0.9998210072517395
0.9997428059577942
0.999822199344635
0.999822199344635
0.999822199344635
0.999822199344635
0.999822199344635
0.999822199344635
0.999822199344635
0.999822199344635
0.9998237490653992
0.9999759197235107
0.9999986886978149
0.9999986886978149
0.9999986886978149
0.9999986886978149
0.9999994039535522
0.9999992847442627
0.9999988079071045
0.9999986886978149
0.9999986886978149
0.9999986886978149
0.9999988079071045
0.9999986886978149
0.9999986886978149
0.9999986886978149
0.9999986886978149
0.9999986886978149
0.9999986886978149
0.9999986886978149
0.9999986886978149
0.8790287971496582
0.9999902248382568
0.9999986886978149
0.9999986886978149
0.9999986886978149
0.9999986886978149
0.9999986886978149
0.9999986886978149
0.9999986886978149
0.9999986886978149
0.9999986886978149
0.9999994039535522
0.9999994039535522
0.9999994039535522
0.9999994039535522
0.9999994039535522
0.9999994039535522
0.9999994039535522
0.9999994039535522
0.9999994039535522
0.9999957084655762
0.9999957084655762
0.9999955892562866
0.9999955892562866
0.9999957084655762
0.9999957084655762
0.9999957084655762
0.9999957084655762
0.9999957084655762
0.9999957084655762
0.9999957084655762
0.9999957084655762
0.9985104203224182
0.99850994348526
0.99850994348526
0.99850994348526
0.99850994348526
0.99850994348526
0.9994415640830994
0.99850994348526
0.99850994348526
0.99850994348526
0.99850994348526
0.99850994348526
0.9985103011131287
0.998521625995636
0.9418132305145264
0.99850994348526
0.99850994348526
0.99850994348526
0.99850994348526
0.99850994348526
0.99850994348526
0.99850994348526
0.99850994348526
0.99850994348526
0.99850994348526
0.99850994348526
0.99850994348526
0.99850994348526
0.99850994348526
0.99850994348526
0.9985098242759705
0.045525651425123215
0.9992656111717224
0.999806821346283
0.999806821346283
0.999806821346283
0.999806821346283
0.999806821346283
0.999806821346283
0.999806821346283
0.9998127818107605
0.9999994039535522
0.999718964099884
0.9998757839202881
0.9999994039535522
0.9999994039535522
0.9999994039535522
0.9999994039535522
0.9999994039535522
0.9999994039535522
0.9999994039535522
0.9999994039535522
0.9999994039535522
0.9999994039535522
0.9999994039535522
0.9999994039535522
0.9999994039535522
0.9999994039535522
0.9999994039535522
0.9999994039535522
0.9999994039535522
0.9999994039535522
0.9999994039535522
0.9999994039535522
0.9999994039535522
0.9999994039535522
0.9999994039535522
0.9999994039535522
0.9999980926513672
0.9999994039535522
0.9999994039535522
0.9999994039535522
0.9999994039535522
0.9999994039535522
0.9999994039535522
0.9999994039535522
0.9999994039535522
0.9999994039535522
0.9999994039535522
0.9999994039535522
0.9999994039535522
0.9999994039535522
0.9999994039535522
0.9999994039535522
0.9999994039535522
0.9999994039535522
0.9999994039535522
0.9999994039535522
0.9999994039535522
0.9999994039535522
0.9999994039535522
0.9999994039535522
0.9999994039535522
0.9999994039535522
0.9999994039535522
0.9999994039535522
0.9999994039535522
0.9999994039535522
0.9999994039535522
0.9999994039535522
0.9999994039535522
0.9999994039535522
0.9999994039535522
0.9999994039535522
0.9999994039535522
0.9999994039535522
0.9999994039535522
0.9999994039535522
0.9999994039535522
0.9999994039535522
0.9999994039535522
0.9999994039535522
0.9999994039535522
0.9999994039535522
0.9999994039535522
0.9999994039535522
0.9999994039535522
0.9999994039535522
0.9999994039535522
0.9999994039535522
0.9999994039535522
0.9999994039535522
0.9999994039535522
0.9999994039535522
0.9999994039535522
0.9999998807907104
0.9999998807907104
0.9999998807907104
0.9999998807907104
0.9999998807907104
0.9999998807907104
0.9999998807907104
0.9999998807907104
0.9999998807907104
0.9999998807907104
0.9999998807907104
0.9999998807907104
0.9999998807907104
0.9999998807907104
0.9999998807907104
0.9999998807907104
0.9999998807907104
0.9999998807907104
0.9999998807907104
0.9999998807907104
0.9999998807907104
0.9999998807907104
1.0
0.9999998807907104
0.9999998807907104
0.9999998807907104
0.9999998807907104
0.9999998807907104
0.9999998807907104
0.9999998807907104
0.9999998807907104
0.9999998807907104
0.9999998807907104
0.9999998807907104
0.9999998807907104
0.9999998807907104
0.9999998807907104
0.9999998807907104
0.9999998807907104
0.9999998807907104
1.0
1.0
1.0
1.0
1.0
1.0
1.0
1.0
0.7729175686836243
1.0
1.0
1.0
1.0
1.0
1.0
1.0
1.0
1.0
1.0
1.0
1.0
0.9999988079071045
1.0
1.0
1.0
1.0
1.0
1.0
1.0
1.0
1.0
1.0
1.0
1.0
1.0
1.0
1.0
1.0
1.0
1.0
1.0
1.0
1.0
1.0
1.0
1.0
1.0
1.0
1.0
1.0
1.0
1.0
1.0
1.0
1.0
1.0
1.0
1.0
0.9999872446060181
0.9999872446060181
0.9999872446060181
0.9999872446060181
0.9999871253967285
0.9999872446060181
0.9999872446060181
0.9999877214431763
0.999114453792572
0.9990836381912231
0.9991101622581482
0.9991138577461243
0.9995542168617249
0.9991976618766785
0.9908577799797058
0.9908567667007446
0.9908567667007446
0.9908567667007446
0.9908567667007446
0.9908562898635864
0.9906322956085205
0.9908566474914551
0.9908567667007446
0.9908567667007446
0.9908567667007446
0.9908567667007446
0.9908477067947388
0.00011126664321636781
0.00011124732554890215
0.00011100932897534221
2.957051037810743e-05
2.789897371258121e-05
2.9570681363111362e-05
2.9570681363111362e-05
2.9570681363111362e-05
2.9570681363111362e-05
2.957175274787005e-05
2.9699836886720732e-05
2.9570737751782872e-05
2.9570681363111362e-05
2.9570681363111362e-05
2.9570681363111362e-05
2.9570681363111362e-05
2.9570681363111362e-05
2.9570681363111362e-05
2.957096330646891e-05
2.988422056660056e-05
0.0002191566163673997
0.0001917833578772843
0.00021916873811278492
0.00021916873811278492
0.00021918295533396304
0.0002813476021401584
2.957056676677894e-05
2.9551287298090756e-05
2.484358446963597e-05
2.956842399726156e-05
2.9570681363111362e-05
2.9570681363111362e-05
2.9570681363111362e-05
2.9570681363111362e-05
2.9570681363111362e-05
2.9570681363111362e-05
2.9570681363111362e-05
2.9570681363111362e-05
2.9570681363111362e-05
2.9570681363111362e-05
2.9570681363111362e-05
2.957056676677894e-05
2.9564194846898317e-05
2.926104389189277e-05
2.9570681363111362e-05
2.9570681363111362e-05
2.957051037810743e-05
2.957423566840589e-05
2.9599461413454264e-05
2.8873415431007743e-05
2.9603468647110276e-05
2.9625778552144766e-05
3.10856630676426e-05
0.06915091723203659
0.06915091723203659
0.06915091723203659
0.06915091723203659
0.06915091723203659
0.06915091723203659
0.06915091723203659
0.06913544982671738
0.008701343089342117
0.06915091723203659
0.06915091723203659
0.06915091723203659
0.06915091723203659
0.06915091723203659
0.06915091723203659
0.06915091723203659
0.06915091723203659
0.06915091723203659
0.06915091723203659
0.06914686411619186
0.017980245873332024
0.06915091723203659
0.06915091723203659
0.06915091723203659
0.06915091723203659
0.06915091723203659
0.06915091723203659
0.06915091723203659
0.06915091723203659
0.06915091723203659
0.06915091723203659
0.06915091723203659
0.06915091723203659
0.06914907693862915
0.05366774648427963
0.06915091723203659
0.06915091723203659
0.06915091723203659
0.06915091723203659
0.06915091723203659
0.06915091723203659
0.06915152817964554
0.06941854953765869
0.9977178573608398
0.06915165483951569
0.06915091723203659
0.06915091723203659
0.06914907693862915
0.0691412165760994
0.06913716346025467
0.06914686411619186
0.0691501796245575
0.06915091723203659
0.06915091723203659
0.06915091723203659
0.06915091723203659
0.06915091723203659
0.06915091723203659
0.06915091723203659
0.06915091723203659
0.0021788771264255047
0.06915091723203659
0.06915091723203659
0.06915091723203659
0.06915091723203659
0.06915091723203659
0.06915091723203659
0.06915091723203659
0.06915091723203659
0.06915091723203659
0.06915091723203659
0.06915030628442764
0.04703560099005699
0.06915091723203659
0.06915091723203659
0.06915091723203659
0.06915091723203659
0.06915091723203659
0.06915091723203659
0.06915091723203659
0.06912907212972641
0.049669716507196426
0.03911885246634483
0.03911885246634483
0.03911885246634483
0.03911885246634483
0.03911885246634483
0.03914044052362442
0.6946871280670166
0.7078269720077515
0.03455871343612671
0.03630964457988739
0.011313263326883316
0.02709854021668434
0.006206834223121405
0.009475933387875557
0.009475933387875557
0.009475933387875557
0.009475933387875557
0.009465089999139309
0.0005200200830586255
0.009475933387875557
0.009475933387875557
0.009475933387875557
0.009475933387875557
0.009475933387875557
0.009475933387875557
0.009475861676037312
0.009474501013755798
0.009415541775524616
0.009475933387875557
0.009475933387875557
0.009475933387875557
0.009475933387875557
0.009475933387875557
0.009475933387875557
0.009475933387875557
0.009475933387875557
0.009475897997617722
0.008311250247061253
0.009475897997617722
0.009475861676037312
0.009475933387875557
0.009475933387875557
0.009475933387875557
0.009475933387875557
0.009475933387875557
0.009475933387875557
0.009421983733773232
0.009475933387875557
0.009475933387875557
0.009475933387875557
0.009475968778133392
0.010315136052668095
0.011596136726439
0.011596136726439
0.011596136726439
0.011596136726439
0.011596136726439
0.011596136726439
0.011596136726439
0.011596136726439
0.011596136726439
0.011596136726439
0.011595699936151505
0.011569365859031677
0.01281899306923151
0.011481274850666523
0.011481189168989658
0.011481189168989658
0.011481189168989658
0.011481189168989658
0.011481189168989658
0.011481189168989658
0.011481189168989658
0.011476556770503521
0.011481058783829212
0.011481189168989658
0.011481189168989658
0.011481448076665401
0.011481189168989658
0.011481189168989658
0.011481189168989658
0.011481189168989658
0.011481189168989658
0.011481189168989658
0.011481189168989658
0.011659224517643452
0.01062789373099804
0.010627934709191322
0.010627934709191322
0.010627934709191322
0.010627934709191322
0.01062789373099804
0.0102119455114007
0.010626731440424919
0.010627131909132004
0.010627453215420246
0.010627612471580505
0.010627733543515205
0.010627934709191322
0.010627934709191322
0.010627852752804756
0.010627852752804756
0.010627934709191322
0.010627852752804756
0.010627852752804756
0.010627852752804756
0.010627852752804756
0.010627852752804756
0.010554184205830097
0.01062272023409605
0.010523236356675625
0.010627934709191322
0.010627934709191322
0.010628175921738148
0.010648530907928944
0.07553841918706894
0.010628215037286282
0.010627934709191322
0.010627934709191322
0.010627934709191322
0.010627934709191322
0.010627934709191322
0.010627934709191322
0.010592134669423103
0.01062733307480812
0.010626891627907753
0.010627453215420246
0.01062789373099804
0.01062801480293274
0.010627934709191322
0.010627973824739456
0.010622961446642876
0.010628977790474892
0.01064101979136467
0.002160258824005723
0.010641098953783512
0.010627934709191322
0.010627934709191322
0.010627934709191322
0.010627934709191322
0.010627934709191322
0.010627934709191322
0.010626930743455887
0.010603614151477814
0.01062825508415699
0.01074196957051754
0.010627934709191322
0.010627934709191322
0.010627934709191322
0.010627934709191322
0.010627934709191322
0.010627934709191322
0.010627934709191322
0.01062801480293274
0.010627852752804756
0.010627733543515205
0.010627453215420246
0.01062749419361353
0.010627814568579197
0.010627973824739456
0.010627934709191322
0.010627934709191322
0.010627934709191322
0.00844930112361908
0.008236316964030266
0.008098007179796696
0.0016493871808052063
0.0017200801521539688
0.0016229362227022648
0.001622874173335731
0.0016228803433477879
0.001622874173335731
0.0016228680033236742
0.0016224788269028068
0.00022232752235140651
0.0016229114262387156
0.0016228680033236742
0.001622874173335731
0.001622874173335731
0.001622874173335731
0.0016228803433477879
0.0016223120037466288
0.0015875939279794693
0.0016228803433477879
0.001622874173335731
0.001622874173335731
0.0016228680033236742
0.0016243024729192257
0.0024014872033149004
0.0016228680033236742
0.001622874173335731
0.001622874173335731
0.001622874173335731
0.001622874173335731
0.001622874173335731
0.001622806303203106
0.0013452913844957948
0.001622874173335731
0.001622874173335731
0.001622874173335731
0.001622874173335731
0.001622874173335731
0.001622874173335731
0.0016227568266913295
0.0014508567983284593
0.0016228619497269392
0.0016228373860940337
0.0016215397045016289
0.0012969792587682605
0.0016229052562266588
0.0016228929162025452
0.0016228929162025452
0.0016228803433477879
0.001622874173335731
0.001622874173335731
0.0016228680033236742
0.0016228680033236742
0.001622633310034871
0.00045929604675620794
0.0016228680033236742
0.0016228680033236742
0.0016228680033236742
0.0016228680033236742
0.0016228680033236742
0.0016228680033236742
0.001622874173335731
0.001622874173335731
0.001622874173335731
0.001622874173335731
0.0016229237662628293
0.0016464060172438622
0.0016228619497269392
0.001622874173335731
0.001622874173335731
0.0016228680033236742
0.0016228680033236742
0.0016228680033236742
0.0016228680033236742
0.001622874173335731
0.001622874173335731
0.001622874173335731
0.0016228680033236742
0.0016228680033236742
0.001624562544748187
0.005345851648598909
0.002259582746773958
0.001643649535253644
0.0021653054282069206
0.04613234102725983
0.04724850878119469
0.04724850878119469
0.04724850878119469
0.04724850878119469
0.04724850878119469
0.04724850878119469
0.04724850878119469
0.04724850878119469
0.04724850878119469
0.04724850878119469
0.04724850878119469
0.04724850878119469
0.04724850878119469
0.04724850878119469
0.0472479984164238
0.00013456326269079
0.0001345607015537098
0.0001345607015537098
0.0001345607015537098
0.00013448526442516595
5.123199298395775e-05
0.0001345473574474454
0.0001345719792880118
0.00013611912436317652
9.432651859242469e-05
9.43570994422771e-05
9.536624565953389e-05
1.8624426445512654e-08
3.4606606469367307e-10
3.585172159148442e-10
3.5851449586843387e-10
3.585138019790435e-10
3.585138019790435e-10
3.585138019790435e-10
3.585138019790435e-10
3.585138019790435e-10
3.585138019790435e-10
3.585138019790435e-10
3.585138019790435e-10
3.574152362961769e-10
3.585138019790435e-10
3.585138019790435e-10
3.585138019790435e-10
3.585138019790435e-10
3.585138019790435e-10
3.585138019790435e-10
3.585138019790435e-10
3.585138019790435e-10
3.5674846410316263e-10
3.585138019790435e-10
3.585138019790435e-10
3.585138019790435e-10
3.585138019790435e-10
3.585138019790435e-10
3.585138019790435e-10
3.585138019790435e-10
3.585138019790435e-10
3.585138019790435e-10
3.585138019790435e-10
3.585138019790435e-10
3.585138019790435e-10
3.585138019790435e-10
3.585138019790435e-10
3.585138019790435e-10
3.585138019790435e-10
3.585138019790435e-10
3.5842764867233257e-10
3.585138019790435e-10
3.585138019790435e-10
3.585138019790435e-10
3.585138019790435e-10
3.585138019790435e-10
3.585138019790435e-10
3.585138019790435e-10
3.585138019790435e-10
3.7351705062249607e-10
1.034706997415924e-06
1.034706997415924e-06
1.034706997415924e-06
1.034706997415924e-06
1.034706997415924e-06
1.034706997415924e-06
1.034706997415924e-06
1.034706997415924e-06
1.0347109764552442e-06
1.0347366696805693e-06
1.0357041446695803e-06
2.0072402548976243e-06
1.0345728469474125e-06
8.405182256865373e-07
1.0346971066610422e-06
1.034709043779003e-06
1.034706997415924e-06
1.034706997415924e-06
1.034706997415924e-06
1.034706997415924e-06
1.034706997415924e-06
1.034706997415924e-06
1.034706997415924e-06
1.034706997415924e-06
1.034706997415924e-06
1.034706997415924e-06
1.034706997415924e-06
1.034706997415924e-06
1.034706997415924e-06
1.034706997415924e-06
1.034706997415924e-06
1.034706997415924e-06
1.034706997415924e-06
1.034706997415924e-06
1.034706997415924e-06
1.034706997415924e-06
5.860812946067995e-10
1.034706997415924e-06
1.034706997415924e-06
1.034706997415924e-06
1.034706997415924e-06
1.034706997415924e-06
1.034706997415924e-06
1.034706997415924e-06
1.034706997415924e-06
1.034706997415924e-06
1.0381941137893591e-06
4.548757601696707e-07
4.5464679487849935e-07
4.5477861476683756e-07
4.548644767510268e-07
4.524391101767833e-07
4.548566892026429e-07
4.548662388970115e-07
4.548549270566582e-07
4.548323886410799e-07
4.548549270566582e-07
4.548662388970115e-07
4.548644767510268e-07
4.548662388970115e-07
4.548731737941125e-07
4.5514047997130547e-07
7.848982204450294e-05
7.849132089177147e-05
7.849132089177147e-05
7.848712266422808e-05
7.848891982575879e-05
7.849147368688136e-05
0.00010962183296214789
0.000804079812951386
0.0008088721078820527
0.0018913812236860394
0.000579303887207061
0.024685034528374672
0.025438180193305016
0.025438370183110237
0.025438370183110237
0.025438370183110237
0.025439035147428513
0.025457197800278664
0.026097964495420456
0.5932208299636841
0.594821572303772
0.5948988199234009
0.5949006676673889
0.5949006676673889
0.594942033290863
0.7137675881385803
0.9281469583511353
0.9281474947929382
0.9281474947929382
0.9281474947929382
0.9281474947929382
0.9281474947929382
0.9281474947929382
0.9281474947929382
0.9281466603279114
0.9154178500175476
0.9281474947929382
0.9281474947929382
0.9281474947929382
0.9281474947929382
0.9281474947929382
0.9281474947929382
0.9281474947929382
0.9281474947929382
0.9281469583511353
0.9277127981185913
0.9632824063301086
0.9632755517959595
0.9632755517959595
0.963275671005249
0.963566780090332
0.9633827209472656
0.9632773995399475
0.963275671005249
0.9632755517959595
0.9632755517959595
0.9632750749588013
0.9632753133773804
0.9632753133773804
0.9632755517959595
0.9632755517959595
0.9632755517959595
0.9632755517959595
0.9632755517959595
0.3748514652252197
0.3775460720062256
0.37753617763519287
0.37753167748451233
0.3775281012058258
0.3775281012058258
0.3775272071361542
0.3775254189968109
0.37752094864845276
0.3775075078010559
0.3775254189968109
0.3775281012058258
0.3775281012058258
0.3775281012058258
0.37752899527549744
0.3775281012058258
0.3775496184825897
0.3775281012058258
0.3775281012058258
0.3775281012058258
0.3775281012058258
0.37752899527549744
0.3776240348815918
0.3775281012058258
0.3775281012058258
0.3775272071361542
0.37751641869544983
0.3775281012058258
0.37761688232421875
2.70672817492823e-08
0.4731379747390747
2.7039366301551127e-08
2.7039366301551127e-08
2.7039366301551127e-08
2.7039366301551127e-08
2.7039366301551127e-08
2.703926327285444e-08
2.6162203070612122e-08
2.7039366301551127e-08
2.7039366301551127e-08
2.7039366301551127e-08
2.7039366301551127e-08
2.7039366301551127e-08
2.7039366301551127e-08
2.7039366301551127e-08
2.7039366301551127e-08
2.7039366301551127e-08
2.7039366301551127e-08
2.7039366301551127e-08
2.7027558857639633e-08
2.7039366301551127e-08
2.7039366301551127e-08
2.701220047640618e-08
2.703204238230228e-08
1.5505279005179062e-10
8.994342692858481e-08
8.993381328536998e-08
8.961583830568998e-08
8.54039754472069e-08
8.193785561161349e-08
8.994290112696035e-08
8.99435974588414e-08
8.99435974588414e-08
8.99435974588414e-08
8.99435974588414e-08
8.99435974588414e-08
8.99435974588414e-08
8.99435974588414e-08
8.99435974588414e-08
8.99435974588414e-08
8.994324929290087e-08
8.903962367412532e-08
8.99435974588414e-08
8.99435974588414e-08
8.99435974588414e-08
8.99435974588414e-08
8.99435974588414e-08
8.99435974588414e-08
8.99435974588414e-08
8.99435974588414e-08
8.99435974588414e-08
8.99435974588414e-08
8.99435974588414e-08
8.99435974588414e-08
8.99435974588414e-08
8.99435974588414e-08
8.99435974588414e-08
8.99435974588414e-08
8.99435974588414e-08
8.99435974588414e-08
8.99435974588414e-08
8.990105726525144e-08
8.994393851935456e-08
8.99435974588414e-08
8.99435974588414e-08
8.99435974588414e-08
8.993398381562656e-08
8.99435974588414e-08
8.99435974588414e-08
8.99435974588414e-08
8.99435974588414e-08
8.97809400157712e-08
8.99435974588414e-08
8.99435974588414e-08
8.99435974588414e-08
8.99435974588414e-08
8.99435974588414e-08
8.99435974588414e-08
8.99435974588414e-08
8.99435974588414e-08
8.99435974588414e-08
8.99435974588414e-08
9.610910467472422e-08
5.399413112172624e-07
5.399979841058666e-07
4.843780629926187e-07
5.400216878115316e-07
5.400216878115316e-07
5.400216878115316e-07
5.400216878115316e-07
5.400216878115316e-07
5.399032261266257e-07
4.5295115569388145e-07
5.400216878115316e-07
5.400216878115316e-07
5.400216878115316e-07
5.400216878115316e-07
5.400216878115316e-07
5.400237341746106e-07
5.363233981370286e-07
4.925195185023767e-07
5.400216878115316e-07
5.400216878115316e-07
5.400216878115316e-07
5.400216878115316e-07
5.400216878115316e-07
5.400216878115316e-07
5.400216878115316e-07
5.400216878115316e-07
5.400216878115316e-07
5.400216878115316e-07
5.400165150604153e-07
5.399742804002017e-07
5.397034783527488e-07
5.399959377427876e-07
5.399979841058666e-07
5.400216878115316e-07
5.400216878115316e-07
5.400237341746106e-07
5.401679459282605e-07
5.400422651291592e-07
5.400237341746106e-07
5.399969609243271e-07
1.6732305994082708e-06
9.929988664225675e-06
9.930613487085793e-06
9.930613487085793e-06
9.930613487085793e-06
9.930613487085793e-06
9.930613487085793e-06
9.930613487085793e-06
9.930613487085793e-06
9.930613487085793e-06
9.930613487085793e-06
9.930613487085793e-06
9.930613487085793e-06
9.930613487085793e-06
9.930613487085793e-06
9.930613487085793e-06
9.930613487085793e-06
9.930613487085793e-06
9.930613487085793e-06
9.930613487085793e-06
9.93063258647453e-06
9.93093544821022e-06
9.938305993273389e-06
7.234049462567782e-06
9.930764463206287e-06
9.932507964549586e-06
1.0067986295325682e-05
9.998825589718763e-06
9.932526154443622e-06
9.93074536381755e-06
9.930613487085793e-06
9.930613487085793e-06
9.930613487085793e-06
9.930613487085793e-06
9.930613487085793e-06
9.930613487085793e-06
9.940524250851013e-06
1.0628107702359557e-05
0.0014006891287863255
0.0021827497985213995
0.002182932337746024
0.002182932337746024
0.002182932337746024
0.002182932337746024
0.002182932337746024
0.002182932337746024
0.002182932337746024
0.002182932337746024
0.0021829241886734962
0.0021829241886734962
0.002183040603995323
0.0021387243177741766
0.002187286503612995
0.0021851768251508474
0.002046006266027689
0.002187902806326747
0.0022054652217775583
0.0021846615709364414
0.0021829779725521803
0.0021829281467944384
0.002182932337746024
0.002182932337746024
0.002182932337746024
0.002182932337746024
0.002182932337746024
0.002182932337746024
0.002182932337746024
0.002182932337746024
0.002182932337746024
0.002182932337746024
0.002182932337746024
0.0021818692330271006
0.0014010173035785556
0.0014009904116392136
0.0014009904116392136
0.0014009851729497313
0.001400718349032104
0.0013984976103529334
0.0014036803040653467
0.002241705311462283
0.001206359826028347
0.0012063668109476566
0.0012063529575243592
0.0012061898596584797
0.001204288681037724
0.0012051239609718323
0.0012061966117471457
0.0007952618761919439
0.0011493153870105743
0.0011317734606564045
0.0012062701862305403
0.0012063391041010618
0.001206127810291946
0.0012048165081068873
0.0012019691057503223
0.0012027546763420105
0.0012057693675160408
0.0012062841560691595
0.00120636448264122
0.0012063736794516444
0.0012063736794516444
0.0012063736794516444
0.0012063736794516444
0.0012063736794516444
0.0012063736794516444
0.0012063736794516444
0.001206376007758081
0.0003969411482103169
0.0012553714914247394
0.0012589996913447976
0.0016610299935564399
0.0014010225422680378
0.0014009904116392136
0.0014008490834385157
0.0013644709251821041
0.0013991318410262465
0.0013437725137919188
0.0014001928502693772
0.0014009798178449273
0.0014009904116392136
0.0014009904116392136
0.0014009904116392136
0.0014009904116392136
0.0014009904116392136
0.0014009904116392136
0.0014009957667440176
0.0014010012382641435
0.0014010039158165455
0.0013494796585291624
0.001401444198563695
0.0014018927467986941
0.0014010599115863442
0.0014009930891916156
0.0014009957667440176
0.0014009904116392136
0.0014009904116392136
0.0014009904116392136
0.0014009744627401233
0.0013554797042161226
0.0014009636361151934
0.0014009372098371387
0.001400867709890008
0.0014008355792611837
0.0014009238220751286
0.0014010572340339422
0.0014018286019563675
0.0014010012382641435
0.0014009904116392136
0.0014009904116392136
0.0014009904116392136
0.0014009904116392136
0.0014009904116392136
0.0013186547439545393
0.0014009904116392136
0.0014009904116392136
0.0014009904116392136
0.0014009904116392136
0.0014009904116392136
0.0014009904116392136
0.0014009904116392136
0.0014009904116392136
0.0014009904116392136
0.0014009904116392136
0.0014009904116392136
0.0014009904116392136
0.0014009904116392136
0.0014009904116392136
0.0014009904116392136
0.0014009904116392136
0.0013999795773997903
0.0014009904116392136
0.0014009904116392136
0.0014009904116392136
0.0014009904116392136
0.0014009904116392136
0.0014009904116392136
0.0014009904116392136
0.0014009904116392136
0.0014009904116392136
0.0014009824953973293
0.00011791380529757589
0.0007240187260322273
0.0014009851729497313
0.0014009904116392136
0.0014009904116392136
0.0014009904116392136
0.0014009904116392136
0.0014009904116392136
0.0014009904116392136
0.0014009904116392136
0.0014009904116392136
0.0014009904116392136
0.0014037524815648794
0.0022957613691687584
0.002298021223396063
0.002297916216775775
0.0022845608182251453
0.002291575539857149
0.0022979206405580044
0.0022980342619121075
0.0022980431094765663
0.0022980431094765663
0.0022983099333941936
1.24274306401162e-08
0.00260152411647141
0.9903671741485596
0.9999995231628418
0.9999995231628418
0.9999995231628418
0.9999995231628418
0.9999995231628418
0.9999995231628418
0.9999995231628418
0.9999995231628418
0.9999995231628418
0.9999995231628418
0.9999995231628418
0.9999995231628418
0.9999995231628418
0.9999995231628418
0.9999995231628418
0.9999995231628418
0.9999995231628418
0.9999995231628418
0.9999995231628418
0.9999994039535522
0.9999995231628418
0.9999995231628418
0.9999995231628418
0.9999995231628418
0.9999995231628418
0.9999995231628418
0.9999995231628418
0.9999995231628418
0.9999995231628418
0.9999995231628418
0.9999995231628418
0.9999995231628418
0.9999995231628418
0.9999995231628418
0.9999995231628418
0.9999995231628418
0.9999995231628418
0.9999995231628418
0.9999995231628418
0.9999991655349731
0.9999991655349731
0.9999991655349731
0.9999991655349731
0.9999991655349731
0.9999991655349731
0.9999991655349731
0.9999991655349731
0.9999997615814209
1.0
1.0
1.0
1.0
1.0
1.0
1.0
1.0
1.0
1.0
1.0
1.0
1.0
1.0
1.0
1.0
1.0
1.0
1.0
1.0
1.0
1.0
1.0
1.0
1.0
1.0
1.0
1.0
1.0
1.0
1.0
1.0
1.0
1.0
1.0
1.0
1.0
1.0
1.0
1.0
1.0
1.0
1.0
1.0
1.0
1.0
1.0
1.0
1.0
1.0
1.0
1.0
1.0
1.0
1.0
1.0
1.0
1.0
1.0
1.0
1.0
1.0
1.0
1.0
1.0
1.0
1.0
1.0
1.0
1.0
1.0
1.0
1.0
1.0
1.0
1.0
1.0
1.0
1.0
1.0
1.0
1.0
1.0
1.0
1.0
1.0
1.0
1.0
1.0
1.0
1.0
1.0
1.0
1.0
1.0
1.0
1.0
1.0
1.0
1.0
1.0
1.0
1.0
1.0
1.0
1.0
1.0
1.0
1.0
1.0
1.0
1.0
1.0
1.0
1.0
1.0
1.0
1.0
1.0
1.0
1.0
1.0
1.0
1.0
1.0
1.0
1.0
1.0
1.0
1.0
1.0
1.0
1.0
1.0
1.0
1.0
1.0
1.0
1.0
1.0
1.0
1.0
1.0
1.0
1.0
1.0
1.0
1.0
1.0
1.0
1.0
1.0
1.0
1.0
1.0
1.0
1.0
1.0
1.0
1.0
1.0
1.0
1.0
1.0
1.0
1.0
1.0
1.0
1.0
1.0
1.0
1.0
1.0
1.0
1.0
1.0
1.0
1.0
1.0
1.0
1.0
1.0
1.0
1.0
1.0
1.0
1.0
1.0
1.0
1.0
1.0
1.0
1.0
1.0
1.0
1.0
1.0
1.0
1.0
1.0
1.0
1.0
1.0
1.0
1.0
1.0
1.0
1.0
1.0
1.0
1.0
1.0
1.0
1.0
1.0
1.0
1.0
1.0
1.0
1.0
1.0
1.0
1.0
1.0
1.0
1.0
1.0
1.0
1.0
1.0
1.0
1.0
1.0
1.0
1.0
1.0
1.0
1.0
1.0
1.0
1.0
1.0
1.0
1.0
1.0
1.0
1.0
1.0
1.0
1.0
1.0
1.0
1.0
1.0
1.0
1.0
1.0
1.0
1.0
1.0
1.0
1.0
1.0
1.0
1.0
1.0
1.0
1.0
1.0
1.0
1.0
1.0
1.0
1.0
1.0
1.0
1.0
1.0
1.0
1.0
1.0
1.0
1.0
1.0
1.0
1.0
1.0
1.0
1.0
1.0
1.0
1.0
1.0
1.0
1.0
1.0
1.0
1.0
1.0
1.0
1.0
1.0
1.0
1.0
1.0
1.0
1.0
1.0
1.0
1.0
1.0
1.0
1.0
0.9999986886978149
0.999998927116394
0.999998927116394
0.999998927116394
0.999998927116394
0.999998927116394
0.9999988079071045
0.9999990463256836
1.0
1.0
1.0
1.0
1.0
1.0
1.0
1.0
1.0
1.0
1.0
1.0
1.0
1.0
1.0
1.0
1.0
1.0
1.0
1.0
1.0
1.0
1.0
1.0
1.0
1.0
1.0
1.0
1.0
1.0
1.0
1.0
1.0
1.0
1.0
1.0
1.0
1.0
1.0
1.0
1.0
1.0
1.0
1.0
1.0
1.0
1.0
1.0
1.0
1.0
1.0
1.0
1.0
1.0
1.0
1.0
1.0
1.0
1.0
1.0
1.0
1.0
1.0
1.0
1.0
1.0
1.0
1.0
1.0
1.0
1.0
1.0
1.0
1.0
1.0
1.0
1.0
1.0
1.0
1.0
1.0
1.0
1.0
1.0
1.0
1.0
1.0
1.0
1.0
1.0
1.0
1.0
1.0
1.0
1.0
1.0
1.0
1.0
1.0
1.0
1.0
1.0
1.0
1.0
1.0
1.0
1.0
1.0
1.0
1.0
1.0
1.0
1.0
1.0
1.0
1.0
1.0
1.0
1.0
1.0
0.9999983310699463
0.9999983310699463
0.9999983310699463
0.9999983310699463
0.9999983310699463
0.9999983310699463
0.9999983310699463
0.9999983310699463
0.9999983310699463
0.9999983310699463
0.9999983310699463
0.9999983310699463
0.9999983310699463
0.9999983310699463
0.9999983310699463
0.9999983310699463
0.9999982118606567
0.9999983310699463
0.9999983310699463
0.9999983310699463
0.9999983310699463
0.9999983310699463
0.9999983310699463
0.9999983310699463
0.9999983310699463
0.9999983310699463
0.9999983310699463
0.9999983310699463
0.9999983310699463
0.9999983310699463
0.9999983310699463
0.9999983310699463
0.9999983310699463
0.9999983310699463
0.9999983310699463
0.9999983310699463
0.9999983310699463
0.9999983310699463
0.9999983310699463
0.9999983310699463
0.9999983310699463
0.9999983310699463
0.9999983310699463
0.9999983310699463
0.9999983310699463
0.9999982118606567
0.9999983310699463
0.9999983310699463
0.9999983310699463
0.9999983310699463
0.9999983310699463
0.9999983310699463
0.9999983310699463
0.9999983310699463
0.9999983310699463
0.9999983310699463
0.9999983310699463
0.9999983310699463
0.9999983310699463
0.9999983310699463
0.9999983310699463
0.9999983310699463
0.9999983310699463
0.9999983310699463
0.9999983310699463
0.9999983310699463
0.9999983310699463
0.9999983310699463
0.9999983310699463
0.9999983310699463
0.9999983310699463
0.9999983310699463
0.9999929666519165
0.9999929666519165
0.9999929666519165
0.9999924898147583
0.9999929666519165
0.9999929666519165
0.9999929666519165
0.9999929666519165
0.9999929666519165
0.9999929666519165
0.9999929666519165
0.9999929666519165
0.9999929666519165
0.9999929666519165
0.9999929666519165
1.0
1.0
1.0
1.0
1.0
1.0
1.0
1.0
1.0
1.0
1.0
1.0
1.0
1.0
1.0
1.0
1.0
1.0
1.0
1.0
1.0
1.0
1.0
1.0
1.0
1.0
1.0
1.0
1.0
1.0
1.0
1.0
1.0
1.0
1.0
1.0
1.0
1.0
1.0
1.0
1.0
1.0
1.0
1.0
1.0
1.0
1.0
1.0
1.0
1.0
1.0
1.0
1.0
1.0
1.0
1.0
1.0
1.0
1.0
1.0
1.0
1.0
1.0
1.0
1.0
1.0
1.0
1.0
1.0
1.0
1.0
1.0
1.0
1.0
1.0
1.0
1.0
1.0
1.0
1.0
1.0
1.0
1.0
1.0
1.0
1.0
1.0
1.0
1.0
1.0
1.0
1.0
1.0
1.0
1.0
1.0
1.0
1.0
1.0
1.0
1.0
1.0
1.0
1.0
1.0
1.0
1.0
1.0
1.0
1.0
1.0
1.0
1.0
1.0
1.0
1.0
1.0
1.0
1.0
1.0
1.0
1.0
1.0
1.0
1.0
1.0
1.0
1.0
1.0
1.0
1.0
1.0
1.0
1.0
1.0
1.0
1.0
1.0
1.0
1.0
1.0
1.0
1.0
1.0
1.0
1.0
1.0
1.0
1.0
1.0
1.0
1.0
1.0
1.0
1.0
1.0
1.0
1.0
1.0
1.0
1.0
1.0
1.0
1.0
1.0
1.0
1.0
1.0
1.0
1.0
1.0
1.0
1.0
1.0
1.0
1.0
1.0
1.0
1.0
1.0
1.0
1.0
1.0
1.0
1.0
1.0
1.0
1.0
1.0
1.0
1.0
1.0
1.0
1.0
1.0
1.0
1.0
1.0
1.0
1.0
1.0
1.0
1.0
1.0
1.0
1.0
1.0
1.0
1.0
1.0
1.0
1.0
1.0
1.0
1.0
1.0
1.0
1.0
1.0
1.0
1.0
1.0
1.0
1.0
1.0
1.0
1.0
1.0
1.0
1.0
1.0
1.0
1.0
1.0
1.0
1.0
1.0
1.0
1.0
1.0
1.0
1.0
1.0
1.0
1.0
1.0
1.0
1.0
1.0
1.0
1.0
1.0
1.0
1.0
1.0
1.0
1.0
1.0
1.0
1.0
1.0
1.0
1.0
1.0
1.0
1.0
1.0
1.0
1.0
1.0
1.0
1.0
1.0
1.0
1.0
1.0
1.0
1.0
1.0
1.0
1.0
1.0
1.0
1.0
1.0
1.0
1.0
1.0
1.0
1.0
1.0
1.0
1.0
1.0
1.0
1.0
1.0
1.0
1.0
1.0
1.0
1.0
1.0
1.0
1.0
1.0
1.0
1.0
1.0
1.0
1.0
1.0
1.0
1.0
1.0
1.0
1.0
1.0
1.0
1.0
1.0
1.0
1.0
1.0
1.0
1.0
1.0
1.0
1.0
1.0
1.0
1.0
1.0
1.0
1.0
1.0
1.0
1.0
1.0
1.0
1.0
1.0
1.0
1.0
1.0
1.0
1.0
1.0
1.0
1.0
1.0
1.0
1.0
1.0
1.0
1.0
1.0
1.0
1.0
1.0
1.0
1.0
1.0
1.0
1.0
1.0
1.0
1.0
1.0
1.0
1.0
1.0
1.0
1.0
1.0
1.0
1.0
1.0
1.0
1.0
1.0
1.0
1.0
1.0
1.0
1.0
1.0
1.0
1.0
1.0
1.0
1.0
1.0
1.0
1.0
1.0
1.0
1.0
1.0
1.0
1.0
1.0
1.0
1.0
1.0
1.0
1.0
1.0
1.0
1.0
1.0
1.0
1.0
1.0
1.0
1.0
1.0
1.0
1.0
1.0
1.0
1.0
1.0
1.0
1.0
1.0
1.0
1.0
1.0
1.0
1.0
1.0
1.0
1.0
1.0
1.0
1.0
1.0
1.0
1.0
1.0
1.0
1.0
1.0
1.0
1.0
1.0
1.0
1.0
1.0
1.0
1.0
1.0
1.0
1.0
1.0
1.0
1.0
1.0
1.0
1.0
1.0
1.0
1.0
1.0
1.0
1.0
1.0
1.0
1.0
1.0
1.0
1.0
1.0
1.0
1.0
1.0
1.0
1.0
1.0
1.0
1.0
1.0
1.0
1.0
1.0
1.0
1.0
1.0
1.0
1.0
1.0
1.0
1.0
1.0
1.0
1.0
1.0
1.0
1.0
1.0
1.0
1.0
1.0
1.0
1.0
1.0
1.0
1.0
1.0
1.0
1.0
1.0
1.0
1.0
1.0
1.0
1.0
1.0
1.0
1.0
1.0
1.0
1.0
1.0
1.0
1.0
1.0
1.0
1.0
1.0
1.0
1.0
1.0
1.0
1.0
1.0
1.0
1.0
1.0
1.0
1.0
1.0
1.0
1.0
1.0
1.0
1.0
1.0
1.0
1.0
1.0
1.0
1.0
1.0
1.0
1.0
1.0
1.0
1.0
1.0
1.0
1.0
1.0
1.0
1.0
1.0
1.0
1.0
1.0
1.0
1.0
1.0
1.0
1.0
1.0
1.0
1.0
1.0
1.0
1.0
1.0
1.0
1.0
1.0
1.0
1.0
1.0
1.0
1.0
1.0
1.0
1.0
1.0
1.0
1.0
1.0
1.0
1.0
1.0
1.0
1.0
1.0
1.0
1.0
1.0
1.0
1.0
1.0
1.0
1.0
1.0
1.0
1.0
1.0
1.0
1.0
1.0
1.0
1.0
1.0
1.0
1.0
1.0
1.0
1.0
1.0
1.0
1.0
1.0
1.0
1.0
1.0
1.0
1.0
1.0
1.0
1.0
1.0
1.0
1.0
1.0
1.0
1.0
1.0
1.0
1.0
1.0
1.0
1.0
1.0
1.0
1.0
1.0
1.0
1.0
1.0
1.0
1.0
1.0
1.0
1.0
1.0
1.0
1.0
1.0
1.0
1.0
1.0
1.0
1.0
1.0
1.0
1.0
1.0
1.0
1.0
1.0
1.0
1.0
1.0
1.0
1.0
1.0
1.0
1.0
1.0
1.0
1.0
1.0
1.0
1.0
1.0
1.0
1.0
1.0
1.0
1.0
1.0
1.0
1.0
1.0
1.0
1.0
1.0
1.0
1.0
1.0
1.0
1.0
1.0
1.0
1.0
1.0
1.0
1.0
1.0
1.0
1.0
1.0
1.0
1.0
1.0
1.0
1.0
1.0
1.0
1.0
1.0
1.0
1.0
1.0
1.0
1.0
1.0
1.0
1.0
1.0
1.0
1.0
1.0
1.0
1.0
1.0
1.0
1.0
1.0
1.0
1.0
1.0
1.0
1.0
1.0
1.0
1.0
1.0
1.0
1.0
1.0
1.0
1.0
1.0
1.0
1.0
1.0
1.0
1.0
1.0
1.0
1.0
1.0
1.0
1.0
1.0
1.0
1.0
1.0
1.0
1.0
1.0
1.0
1.0
1.0
1.0
1.0
1.0
1.0
1.0
1.0
1.0
1.0
1.0
1.0
1.0
1.0
1.0
1.0
1.0
1.0
1.0
1.0
1.0
1.0
1.0
1.0
1.0
1.0
1.0
1.0
1.0
1.0
1.0
1.0
1.0
1.0
1.0
1.0
1.0
1.0
1.0
1.0
1.0
1.0
1.0
1.0
1.0
1.0
1.0
1.0
1.0
1.0
1.0
1.0
1.0
1.0
1.0
1.0
1.0
1.0
1.0
1.0
1.0
1.0
1.0
1.0
1.0
1.0
1.0
1.0
1.0
1.0
1.0
1.0
1.0
1.0
1.0
1.0
1.0
1.0
1.0
1.0
1.0
1.0
1.0
1.0
1.0
1.0
1.0
1.0
1.0
1.0
1.0
1.0
1.0
1.0
1.0
1.0
1.0
1.0
1.0
1.0
1.0
1.0
1.0
1.0
1.0
1.0
1.0
1.0
1.0
1.0
1.0
1.0
1.0
1.0
1.0
1.0
1.0
1.0
1.0
1.0
1.0
1.0
1.0
1.0
1.0
1.0
1.0
1.0
1.0
1.0
1.0
1.0
1.0
1.0
1.0
1.0
1.0
1.0
1.0
1.0
1.0
1.0
1.0
1.0
1.0
1.0
1.0
1.0
1.0
1.0
1.0
1.0
1.0
1.0
1.0
1.0
1.0
1.0
1.0
1.0
1.0
1.0
1.0
1.0
1.0
1.0
1.0
1.0
1.0
1.0
1.0
1.0
1.0
1.0
1.0
1.0
1.0
1.0
1.0
1.0
1.0
1.0
1.0
1.0
1.0
1.0
1.0
1.0
1.0
1.0
1.0
1.0
1.0
1.0
1.0
1.0
1.0
1.0
1.0
1.0
1.0
1.0
1.0
1.0
1.0
1.0
1.0
1.0
1.0
1.0
1.0
1.0
1.0
1.0
1.0
1.0
1.0
1.0
1.0
1.0
1.0
1.0
1.0
1.0
1.0
1.0
1.0
1.0
1.0
1.0
1.0
1.0
1.0
1.0
1.0
1.0
1.0
1.0
1.0
1.0
1.0
1.0
1.0
1.0
1.0
1.0
1.0
1.0
1.0
1.0
1.0
1.0
1.0
1.0
1.0
1.0
1.0
1.0
1.0
1.0
1.0
1.0
1.0
1.0
1.0
1.0
1.0
1.0
1.0
1.0
1.0
1.0
1.0
1.0
1.0
1.0
1.0
1.0
1.0
1.0
1.0
1.0
1.0
1.0
1.0
1.0
1.0
1.0
1.0
1.0
1.0
1.0
1.0
1.0
1.0
1.0
1.0
1.0
1.0
1.0
1.0
1.0
1.0
1.0
1.0
1.0
1.0
1.0
1.0
1.0
1.0
1.0
1.0
1.0
1.0
1.0
1.0
1.0
1.0
1.0
1.0
1.0
1.0
1.0
1.0
1.0
1.0
1.0
1.0
1.0
1.0
1.0
1.0
1.0
1.0
1.0
1.0
1.0
1.0
1.0
1.0
1.0
1.0
1.0
1.0
1.0
1.0
1.0
1.0
1.0
1.0
1.0
1.0
1.0
1.0
1.0
1.0
1.0
1.0
1.0
1.0
1.0
1.0
1.0
1.0
1.0
1.0
1.0
1.0
1.0
1.0
1.0
1.0
1.0
1.0
1.0
1.0
1.0
1.0
1.0
1.0
1.0
1.0
1.0
1.0
1.0
1.0
1.0
1.0
1.0
1.0
1.0
1.0
1.0
1.0
1.0
1.0
1.0
1.0
1.0
1.0
1.0
1.0
1.0
1.0
1.0
1.0
1.0
1.0
1.0
1.0
1.0
1.0
1.0
1.0
1.0
1.0
1.0
1.0
1.0
1.0
1.0
1.0
1.0
1.0
1.0
1.0
1.0
1.0
1.0
1.0
1.0
1.0
1.0
1.0
1.0
1.0
1.0
1.0
1.0
1.0
1.0
1.0
1.0
1.0
1.0
1.0
1.0
1.0
1.0
1.0
1.0
1.0
1.0
1.0
1.0
1.0
1.0
1.0
1.0
1.0
1.0
1.0
1.0
1.0
1.0
1.0
1.0
1.0
1.0
1.0
1.0
1.0
1.0
1.0
1.0
1.0
1.0
1.0
1.0
1.0
1.0
1.0
1.0
1.0
1.0
1.0
1.0
1.0
1.0
1.0
1.0
1.0
1.0
1.0
1.0
1.0
1.0
1.0
1.0
1.0
1.0
1.0
1.0
1.0
1.0
1.0
1.0
1.0
1.0
1.0
1.0
1.0
1.0
1.0
1.0
1.0
1.0
1.0
1.0
1.0
1.0
1.0
1.0
1.0
1.0
1.0
1.0
1.0
1.0
1.0
1.0
1.0
1.0
1.0
1.0
1.0
1.0
1.0
1.0
1.0
1.0
1.0
1.0
1.0
1.0
1.0
1.0
1.0
1.0
1.0
1.0
1.0
1.0
1.0
1.0
1.0
1.0
1.0
1.0
1.0
1.0
1.0
1.0
1.0
1.0
1.0
1.0
1.0
1.0
1.0
1.0
1.0
1.0
1.0
1.0
1.0
1.0
1.0
1.0
1.0
1.0
1.0
1.0
1.0
1.0
1.0
1.0
1.0
1.0
1.0
1.0
1.0
1.0
1.0
1.0
1.0
1.0
1.0
1.0
1.0
1.0
1.0
1.0
1.0
1.0
1.0
1.0
1.0
1.0
1.0
1.0
1.0
1.0
1.0
1.0
1.0
1.0
1.0
1.0
1.0
1.0
1.0
1.0
1.0
1.0
1.0
1.0
1.0
1.0
1.0
1.0
1.0
1.0
1.0
1.0
1.0
1.0
1.0
1.0
1.0
1.0
1.0
1.0
1.0
1.0
1.0
1.0
1.0
1.0
1.0
1.0
1.0
1.0
1.0
1.0
1.0
1.0
1.0
1.0
1.0
1.0
1.0
1.0
1.0
1.0
1.0
1.0
1.0
1.0
1.0
1.0
1.0
1.0
1.0
1.0
1.0
1.0
1.0
1.0
1.0
1.0
1.0
1.0
1.0
1.0
1.0
1.0
1.0
1.0
1.0
1.0
1.0
1.0
1.0
1.0
1.0
1.0
1.0
1.0
1.0
1.0
1.0
1.0
1.0
1.0
1.0
1.0
1.0
1.0
1.0
1.0
1.0
1.0
1.0
1.0
1.0
1.0
1.0
1.0
1.0
1.0
1.0
1.0
1.0
1.0
1.0
1.0
1.0
1.0
1.0
1.0
1.0
1.0
1.0
1.0
1.0
1.0
1.0
1.0
1.0
1.0
1.0
1.0
1.0
1.0
1.0
1.0
1.0
1.0
1.0
1.0
1.0
1.0
1.0
1.0
1.0
1.0
1.0
1.0
1.0
1.0
1.0
1.0
1.0
1.0
1.0
1.0
1.0
1.0
1.0
1.0
1.0
1.0
1.0
1.0
1.0
1.0
1.0
1.0
1.0
1.0
1.0
1.0
1.0
1.0
1.0
1.0
1.0
1.0
1.0
1.0
1.0
1.0
1.0
1.0
1.0
1.0
1.0
1.0
1.0
1.0
1.0
1.0
1.0
1.0
1.0
1.0
1.0
1.0
1.0
1.0
1.0
1.0
1.0
1.0
1.0
1.0
1.0
1.0
1.0
1.0
1.0
1.0
1.0
1.0
1.0
1.0
1.0
1.0
1.0
1.0
1.0
1.0
1.0
1.0
1.0
1.0
1.0
1.0
1.0
1.0
1.0
1.0
1.0
1.0
1.0
1.0
1.0
1.0
1.0
1.0
1.0
1.0
1.0
1.0
1.0
1.0
1.0
1.0
1.0
1.0
1.0
1.0
1.0
1.0
1.0
1.0
1.0
1.0
1.0
1.0
1.0
1.0
1.0
1.0
1.0
1.0
1.0
1.0
1.0
1.0
1.0
1.0
1.0
1.0
1.0
1.0
1.0
1.0
1.0
1.0
1.0
1.0
1.0
1.0
1.0
1.0
1.0
1.0
1.0
1.0
1.0
1.0
1.0
1.0
1.0
1.0
1.0
1.0
1.0
1.0
1.0
1.0
1.0
1.0
1.0
1.0
1.0
1.0
1.0
1.0
1.0
1.0
1.0
1.0
1.0
1.0
1.0
1.0
1.0
1.0
1.0
1.0
1.0
1.0
1.0
1.0
1.0
1.0
1.0
1.0
1.0
1.0
1.0
1.0
1.0
1.0
1.0
1.0
1.0
1.0
1.0
1.0
1.0
1.0
1.0
1.0
1.0
1.0
1.0
1.0
1.0
1.0
1.0
1.0
1.0
1.0
1.0
1.0
1.0
1.0
1.0
1.0
1.0
1.0
1.0
1.0
1.0
1.0
1.0
1.0
1.0
1.0
1.0
1.0
1.0
1.0
1.0
1.0
1.0
1.0
1.0
1.0
1.0
1.0
1.0
1.0
1.0
1.0
1.0
1.0
1.0
1.0
1.0
1.0
1.0
1.0
1.0
1.0
1.0
1.0
1.0
1.0
1.0
1.0
1.0
1.0
1.0
1.0
1.0
1.0
1.0
1.0
1.0
1.0
1.0
1.0
1.0
1.0
1.0
1.0
1.0
1.0
1.0
1.0
1.0
1.0
1.0
1.0
1.0
1.0
1.0
1.0
1.0
1.0
1.0
1.0
1.0
1.0
1.0
1.0
1.0
1.0
1.0
1.0
1.0
1.0
1.0
1.0
1.0
1.0
1.0
1.0
1.0
1.0
1.0
1.0
1.0
1.0
1.0
1.0
1.0
1.0
1.0
1.0
1.0
1.0
1.0
1.0
1.0
1.0
1.0
1.0
1.0
1.0
1.0
1.0
1.0
1.0
1.0
1.0
1.0
1.0
1.0
1.0
1.0
1.0
1.0
1.0
1.0
1.0
1.0
1.0
1.0
1.0
1.0
1.0
1.0
1.0
1.0
1.0
1.0
1.0
1.0
1.0
1.0
1.0
1.0
1.0
1.0
1.0
1.0
1.0
1.0
1.0
1.0
1.0
1.0
1.0
1.0
1.0
1.0
1.0
1.0
1.0
1.0
1.0
1.0
1.0
1.0
1.0
1.0
1.0
1.0
1.0
1.0
1.0
1.0
1.0
1.0
1.0
1.0
1.0
1.0
1.0
1.0
1.0
1.0
1.0
1.0
1.0
1.0
1.0
1.0
1.0
1.0
1.0
1.0
1.0
1.0
1.0
1.0
1.0
1.0
1.0
1.0
1.0
1.0
1.0
1.0
1.0
1.0
1.0
1.0
1.0
1.0
1.0
1.0
1.0
1.0
1.0
1.0
1.0
1.0
1.0
1.0
1.0
1.0
1.0
1.0
1.0
1.0
1.0
1.0
1.0
1.0
1.0
1.0
1.0
1.0
1.0
1.0
1.0
1.0
1.0
1.0
1.0
1.0
1.0
1.0
1.0
1.0
1.0
1.0
1.0
1.0
1.0
1.0
1.0
1.0
1.0
1.0
1.0
1.0
1.0
1.0
1.0
1.0
1.0
1.0
1.0
1.0
1.0
1.0
1.0
1.0
1.0
1.0
1.0
1.0
1.0
1.0
1.0
1.0
1.0
1.0
1.0
1.0
1.0
1.0
1.0
1.0
1.0
1.0
1.0
1.0
1.0
1.0
1.0
1.0
1.0
1.0
1.0
1.0
1.0
1.0
1.0
1.0
1.0
1.0
1.0
1.0
1.0
1.0
1.0
1.0
1.0
1.0
1.0
1.0
1.0
1.0
1.0
1.0
1.0
1.0
1.0
1.0
1.0
1.0
1.0
1.0
1.0
1.0
1.0
1.0
1.0
1.0
1.0
1.0
1.0
1.0
1.0
1.0
1.0
1.0
1.0
1.0
1.0
1.0
1.0
1.0
1.0
1.0
1.0
1.0
1.0
1.0
1.0
1.0
1.0
1.0
1.0
1.0
1.0
1.0
1.0
1.0
1.0
1.0
1.0
1.0
1.0
1.0
1.0
1.0
1.0
1.0
1.0
1.0
1.0
1.0
1.0
1.0
1.0
1.0
1.0
1.0
1.0
1.0
1.0
1.0
1.0
1.0
1.0
1.0
1.0
1.0
1.0
1.0
1.0
1.0
1.0
1.0
1.0
1.0
1.0
1.0
1.0
1.0
1.0
1.0
1.0
1.0
1.0
1.0
1.0
1.0
1.0
1.0
1.0
1.0
1.0
1.0
1.0
1.0
1.0
1.0
1.0
1.0
1.0
1.0
1.0
1.0
1.0
1.0
1.0
1.0
1.0
1.0
1.0
1.0
1.0
1.0
1.0
1.0
1.0
1.0
1.0
1.0
1.0
1.0
1.0
1.0
1.0
1.0
1.0
1.0
1.0
1.0
1.0
1.0
1.0
1.0
1.0
1.0
1.0
1.0
1.0
1.0
1.0
1.0
1.0
1.0
1.0
1.0
1.0
1.0
1.0
1.0
1.0
1.0
1.0
1.0
1.0
1.0
1.0
1.0
1.0
1.0
1.0
1.0
1.0
1.0
1.0
1.0
1.0
1.0
1.0
1.0
1.0
1.0
1.0
1.0
1.0
1.0
1.0
1.0
1.0
1.0
1.0
1.0
1.0
1.0
1.0
1.0
1.0
1.0
1.0
1.0
1.0
1.0
1.0
1.0
1.0
1.0
1.0
1.0
1.0
1.0
1.0
1.0
1.0
1.0
1.0
1.0
1.0
1.0
1.0
1.0
1.0
1.0
1.0
1.0
1.0
1.0
1.0
1.0
1.0
1.0
1.0
1.0
1.0
1.0
1.0
1.0
1.0
1.0
1.0
1.0
1.0
1.0
1.0
1.0
1.0
1.0
1.0
1.0
1.0
1.0
1.0
1.0
1.0
1.0
1.0
1.0
1.0
1.0
1.0
1.0
1.0
1.0
1.0
1.0
1.0
1.0
1.0
1.0
1.0
1.0
1.0
1.0
1.0
1.0
1.0
1.0
1.0
1.0
1.0
1.0
1.0
1.0
1.0
1.0
1.0
1.0
1.0
1.0
1.0
1.0
1.0
1.0
1.0
1.0
1.0
1.0
1.0
1.0
1.0
1.0
1.0
1.0
1.0
1.0
1.0
1.0
1.0
1.0
1.0
1.0
1.0
1.0
1.0
1.0
1.0
1.0
1.0
1.0
1.0
1.0
1.0
1.0
1.0
1.0
1.0
1.0
1.0
1.0
1.0
1.0
1.0
1.0
1.0
1.0
1.0
1.0
1.0
1.0
1.0
1.0
1.0
1.0
1.0
1.0
1.0
1.0
1.0
1.0
1.0
1.0
1.0
1.0
1.0
1.0
1.0
1.0
1.0
1.0
1.0
1.0
1.0
1.0
1.0
1.0
1.0
1.0
1.0
1.0
1.0
1.0
1.0
1.0
1.0
1.0
1.0
1.0
1.0
1.0
1.0
1.0
1.0
1.0
1.0
1.0
1.0
1.0
1.0
1.0
1.0
1.0
1.0
1.0
1.0
1.0
1.0
1.0
1.0
1.0
1.0
1.0
1.0
1.0
1.0
1.0
1.0
1.0
1.0
1.0
1.0
1.0
1.0
1.0
1.0
1.0
1.0
1.0
1.0
1.0
1.0
1.0
1.0
1.0
1.0
1.0
1.0
1.0
1.0
1.0
1.0
1.0
1.0
1.0
1.0
1.0
1.0
1.0
1.0
1.0
1.0
1.0
1.0
1.0
1.0
1.0
1.0
1.0
1.0
1.0
1.0
1.0
1.0
1.0
1.0
1.0
1.0
1.0
1.0
1.0
1.0
1.0
1.0
1.0
1.0
1.0
1.0
1.0
1.0
1.0
1.0
1.0
1.0
1.0
1.0
1.0
1.0
1.0
1.0
1.0
1.0
1.0
1.0
1.0
1.0
1.0
1.0
1.0
1.0
1.0
1.0
1.0
1.0
1.0
1.0
1.0
1.0
1.0
1.0
1.0
1.0
1.0
1.0
1.0
1.0
1.0
1.0
1.0
1.0
1.0
1.0
1.0
1.0
1.0
1.0
1.0
1.0
1.0
1.0
1.0
1.0
1.0
1.0
1.0
1.0
1.0
1.0
1.0
1.0
1.0
1.0
1.0
1.0
1.0
1.0
1.0
1.0
1.0
1.0
1.0
1.0
1.0
1.0
1.0
1.0
1.0
1.0
1.0
1.0
1.0
1.0
1.0
1.0
1.0
1.0
1.0
1.0
1.0
1.0
1.0
1.0
1.0
1.0
1.0
1.0
1.0
1.0
1.0
1.0
1.0
1.0
1.0
1.0
1.0
1.0
1.0
1.0
1.0
1.0
1.0
1.0
1.0
1.0
1.0
1.0
1.0
1.0
1.0
1.0
1.0
1.0
1.0
1.0
1.0
1.0
1.0
1.0
1.0
1.0
1.0
1.0
1.0
1.0
1.0
1.0
1.0
1.0
1.0
1.0
1.0
1.0
1.0
1.0
1.0
1.0
1.0
1.0
1.0
1.0
1.0
1.0
1.0
1.0
1.0
1.0
1.0
1.0
1.0
1.0
1.0
1.0
1.0
1.0
1.0
1.0
1.0
1.0
1.0
1.0
1.0
1.0
1.0
1.0
1.0
1.0
1.0
1.0
1.0
1.0
1.0
1.0
1.0
1.0
1.0
1.0
1.0
1.0
1.0
1.0
1.0
1.0
1.0
1.0
1.0
1.0
1.0
1.0
1.0
1.0
1.0
1.0
1.0
1.0
1.0
1.0
1.0
1.0
1.0
1.0
1.0
1.0
1.0
1.0
1.0
1.0
1.0
1.0
1.0
1.0
1.0
1.0
1.0
1.0
1.0
1.0
1.0
1.0
1.0
1.0
1.0
1.0
1.0
1.0
1.0
1.0
1.0
1.0
1.0
1.0
1.0
1.0
1.0
1.0
1.0
1.0
1.0
1.0
1.0
1.0
1.0
1.0
1.0
1.0
1.0
1.0
1.0
1.0
1.0
1.0
1.0
1.0
1.0
1.0
1.0
1.0
1.0
1.0
1.0
1.0
1.0
1.0
1.0
1.0
1.0
1.0
1.0
1.0
1.0
1.0
1.0
1.0
1.0
1.0
1.0
1.0
1.0
1.0
1.0
1.0
1.0
1.0
1.0
1.0
1.0
1.0
1.0
1.0
1.0
1.0
1.0
1.0
1.0
1.0
1.0
1.0
1.0
1.0
1.0
1.0
1.0
1.0
1.0
1.0
1.0
1.0
1.0
1.0
1.0
1.0
1.0
1.0
1.0
1.0
1.0
1.0
1.0
1.0
1.0
1.0
1.0
1.0
1.0
1.0
1.0
1.0
1.0
1.0
1.0
1.0
1.0
1.0
1.0
1.0
1.0
1.0
1.0
1.0
1.0
1.0
1.0
1.0
1.0
1.0
1.0
1.0
1.0
1.0
1.0
1.0
1.0
1.0
1.0
1.0
1.0
1.0
1.0
1.0
1.0
1.0
1.0
1.0
1.0
1.0
1.0
1.0
1.0
1.0
1.0
1.0
1.0
1.0
1.0
1.0
1.0
1.0
1.0
1.0
1.0
1.0
1.0
1.0
1.0
1.0
1.0
1.0
1.0
1.0
1.0
1.0
1.0
1.0
1.0
1.0
1.0
1.0
1.0
1.0
1.0
1.0
1.0
1.0
1.0
1.0
1.0
1.0
1.0
1.0
1.0
1.0
1.0
1.0
1.0
1.0
1.0
1.0
1.0
1.0
1.0
1.0
1.0
1.0
1.0
1.0
1.0
1.0
1.0
1.0
1.0
1.0
1.0
1.0
1.0
1.0
1.0
1.0
1.0
1.0
1.0
1.0
1.0
1.0
1.0
1.0
1.0
1.0
1.0
1.0
1.0
1.0
1.0
1.0
1.0
1.0
1.0
1.0
1.0
1.0
1.0
1.0
1.0
1.0
1.0
1.0
1.0
1.0
1.0
1.0
1.0
1.0
1.0
1.0
1.0
1.0
1.0
1.0
1.0
1.0
1.0
1.0
1.0
1.0
1.0
1.0
1.0
1.0
1.0
1.0
1.0
1.0
1.0
1.0
1.0
1.0
1.0
1.0
1.0
1.0
1.0
1.0
1.0
1.0
1.0
1.0
1.0
1.0
1.0
1.0
1.0
1.0
1.0
1.0
1.0
1.0
1.0
1.0
1.0
1.0
1.0
1.0
1.0
1.0
1.0
1.0
1.0
1.0
1.0
1.0
1.0
1.0
1.0
1.0
1.0
1.0
1.0
1.0
1.0
1.0
1.0
1.0
1.0
1.0
1.0
1.0
1.0
1.0
1.0
1.0
1.0
1.0
1.0
1.0
1.0
1.0
1.0
1.0
1.0
1.0
1.0
1.0
1.0
1.0
1.0
1.0
1.0
1.0
1.0
1.0
1.0
1.0
1.0
1.0
1.0
1.0
1.0
1.0
1.0
1.0
1.0
1.0
1.0
1.0
1.0
1.0
1.0
1.0
1.0
1.0
1.0
1.0
1.0
1.0
1.0
1.0
1.0
1.0
1.0
1.0
1.0
1.0
1.0
1.0
1.0
1.0
1.0
1.0
1.0
1.0
1.0
1.0
1.0
1.0
1.0
1.0
1.0
1.0
1.0
1.0
1.0
1.0
1.0
1.0
1.0
1.0
1.0
1.0
1.0
1.0
1.0
1.0
1.0
1.0
1.0
1.0
1.0
1.0
1.0
1.0
1.0
1.0
1.0
1.0
1.0
1.0
1.0
1.0
1.0
1.0
1.0
1.0
1.0
1.0
1.0
1.0
1.0
1.0
1.0
1.0
1.0
1.0
1.0
1.0
1.0
1.0
1.0
1.0
1.0
1.0
1.0
1.0
1.0
1.0
1.0
1.0
1.0
1.0
1.0
1.0
1.0
1.0
1.0
1.0
1.0
1.0
1.0
1.0
1.0
1.0
1.0
1.0
1.0
1.0
1.0
1.0
1.0
1.0
1.0
1.0
1.0
1.0
1.0
1.0
1.0
1.0
1.0
1.0
1.0
1.0
1.0
1.0
1.0
1.0
1.0
1.0
1.0
1.0
1.0
1.0
1.0
1.0
1.0
1.0
1.0
1.0
1.0
1.0
1.0
1.0
1.0
1.0
1.0
1.0
1.0
1.0
1.0
1.0
1.0
1.0
1.0
1.0
1.0
1.0
1.0
1.0
1.0
1.0
1.0
1.0
1.0
1.0
1.0
1.0
1.0
1.0
1.0
1.0
1.0
1.0
1.0
1.0
1.0
1.0
1.0
1.0
1.0
1.0
1.0
1.0
1.0
1.0
1.0
1.0
1.0
1.0
1.0
1.0
1.0
1.0
1.0
1.0
1.0
1.0
1.0
1.0
1.0
1.0
1.0
1.0
1.0
1.0
1.0
1.0
1.0
1.0
1.0
1.0
1.0
1.0
1.0
1.0
1.0
1.0
1.0
1.0
1.0
1.0
1.0
1.0
1.0
1.0
1.0
1.0
1.0
1.0
1.0
1.0
1.0
1.0
1.0
1.0
1.0
1.0
1.0
1.0
1.0
1.0
1.0
1.0
1.0
1.0
1.0
1.0
1.0
1.0
1.0
1.0
1.0
1.0
1.0
1.0
1.0
1.0
1.0
1.0
1.0
1.0
1.0
1.0
1.0
1.0
1.0
1.0
1.0
1.0
1.0
1.0
1.0
1.0
1.0
1.0
1.0
1.0
1.0
1.0
1.0
1.0
1.0
1.0
1.0
1.0
1.0
1.0
1.0
1.0
1.0
1.0
1.0
1.0
1.0
1.0
1.0
1.0
1.0
1.0
1.0
1.0
1.0
1.0
1.0
1.0
1.0
1.0
1.0
1.0
1.0
1.0
1.0
1.0
1.0
1.0
1.0
1.0
1.0
1.0
1.0
1.0
1.0
1.0
1.0
1.0
1.0
1.0
1.0
1.0
1.0
1.0
1.0
1.0
1.0
1.0
1.0
1.0
1.0
1.0
1.0
1.0
1.0
1.0
1.0
1.0
1.0
1.0
1.0
1.0
1.0
1.0
1.0
1.0
1.0
1.0
1.0
1.0
1.0
1.0
1.0
1.0
1.0
1.0
1.0
1.0
1.0
1.0
1.0
1.0
1.0
1.0
1.0
1.0
1.0
1.0
1.0
1.0
1.0
1.0
1.0
1.0
1.0
1.0
1.0
1.0
1.0
1.0
1.0
1.0
1.0
1.0
1.0
1.0
1.0
1.0
1.0
1.0
1.0
1.0
1.0
1.0
1.0
1.0
1.0
1.0
1.0
1.0
1.0
1.0
1.0
1.0
1.0
1.0
1.0
1.0
1.0
1.0
1.0
1.0
1.0
1.0
1.0
1.0
1.0
1.0
1.0
1.0
1.0
1.0
1.0
1.0
1.0
1.0
1.0
1.0
1.0
1.0
1.0
1.0
1.0
1.0
1.0
1.0
1.0
1.0
1.0
1.0
1.0
1.0
1.0
1.0
1.0
1.0
1.0
1.0
1.0
1.0
1.0
1.0
1.0
1.0
1.0
1.0
1.0
1.0
1.0
1.0
1.0
1.0
1.0
1.0
1.0
1.0
1.0
1.0
1.0
1.0
1.0
1.0
1.0
1.0
1.0
1.0
1.0
1.0
1.0
1.0
1.0
1.0
1.0
1.0
1.0
1.0
1.0
1.0
1.0
1.0
1.0
1.0
1.0
1.0
1.0
1.0
1.0
1.0
1.0
1.0
1.0
1.0
1.0
1.0
1.0
1.0
1.0
1.0
1.0
1.0
1.0
1.0
1.0
1.0
1.0
1.0
1.0
1.0
1.0
1.0
1.0
1.0
1.0
1.0
1.0
1.0
1.0
1.0
1.0
1.0
1.0
1.0
1.0
1.0
1.0
1.0
1.0
1.0
1.0
1.0
1.0
1.0
1.0
1.0
1.0
1.0
1.0
1.0
1.0
1.0
1.0
1.0
1.0
1.0
1.0
1.0
1.0
1.0
1.0
1.0
1.0
1.0
1.0
1.0
1.0
1.0
1.0
1.0
1.0
1.0
1.0
1.0
1.0
1.0
1.0
1.0
1.0
1.0
1.0
1.0
1.0
1.0
1.0
1.0
1.0
1.0
1.0
1.0
1.0
1.0
1.0
1.0
1.0
1.0
1.0
1.0
1.0
1.0
1.0
1.0
1.0
1.0
1.0
1.0
1.0
1.0
1.0
1.0
1.0
1.0
1.0
1.0
1.0
1.0
1.0
1.0
1.0
1.0
1.0
1.0
1.0
1.0
1.0
1.0
1.0
1.0
1.0
1.0
1.0
1.0
1.0
1.0
1.0
1.0
1.0
1.0
1.0
1.0
1.0
1.0
1.0
1.0
1.0
1.0
1.0
1.0
1.0
1.0
1.0
1.0
1.0
1.0
1.0
1.0
1.0
1.0
1.0
1.0
1.0
1.0
1.0
1.0
1.0
1.0
1.0
1.0
1.0
1.0
1.0
1.0
1.0
1.0
1.0
1.0
1.0
1.0
1.0
1.0
1.0
1.0
1.0
1.0
1.0
1.0
1.0
1.0
1.0
1.0
1.0
1.0
1.0
1.0
1.0
1.0
1.0
1.0
1.0
1.0
1.0
1.0
1.0
1.0
1.0
1.0
1.0
1.0
1.0
1.0
1.0
1.0
1.0
1.0
1.0
1.0
1.0
1.0
1.0
1.0
1.0
1.0
1.0
1.0
1.0
1.0
1.0
1.0
1.0
1.0
1.0
1.0
1.0
1.0
1.0
1.0
1.0
1.0
1.0
1.0
1.0
1.0
1.0
1.0
1.0
1.0
1.0
1.0
1.0
1.0
1.0
1.0
1.0
1.0
1.0
1.0
1.0
1.0
1.0
1.0
1.0
1.0
1.0
1.0
1.0
1.0
1.0
1.0
1.0
1.0
1.0
1.0
1.0
1.0
1.0
1.0
1.0
1.0
1.0
1.0
1.0
1.0
1.0
1.0
1.0
1.0
1.0
1.0
1.0
1.0
1.0
1.0
1.0
1.0
1.0
1.0
1.0
1.0
1.0
1.0
1.0
1.0
1.0
1.0
1.0
1.0
1.0
1.0
1.0
1.0
1.0
1.0
1.0
1.0
1.0
1.0
1.0
1.0
1.0
1.0
1.0
1.0
1.0
1.0
1.0
1.0
1.0
1.0
1.0
1.0
1.0
1.0
1.0
1.0
1.0
1.0
1.0
1.0
1.0
1.0
1.0
1.0
1.0
1.0
1.0
1.0
1.0
1.0
1.0
1.0
1.0
1.0
1.0
1.0
1.0
1.0
1.0
1.0
1.0
1.0
1.0
1.0
1.0
1.0
1.0
1.0
1.0
1.0
1.0
1.0
1.0
1.0
1.0
1.0
1.0
1.0
1.0
1.0
1.0
1.0
1.0
1.0
1.0
1.0
1.0
1.0
1.0
1.0
1.0
1.0
1.0
1.0
1.0
1.0
1.0
1.0
1.0
1.0
1.0
1.0
1.0
1.0
1.0
1.0
1.0
1.0
1.0
1.0
1.0
1.0
1.0
1.0
1.0
1.0
1.0
1.0
1.0
1.0
1.0
1.0
1.0
1.0
1.0
1.0
1.0
1.0
1.0
1.0
1.0
1.0
1.0
1.0
1.0
1.0
1.0
1.0
1.0
1.0
1.0
1.0
1.0
1.0
1.0
1.0
1.0
1.0
1.0
1.0
1.0
1.0
1.0
1.0
1.0
1.0
1.0
1.0
1.0
1.0
1.0
1.0
1.0
1.0
1.0
1.0
1.0
1.0
1.0
1.0
1.0
1.0
1.0
1.0
1.0
1.0
1.0
1.0
1.0
1.0
1.0
1.0
1.0
1.0
1.0
1.0
1.0
1.0
1.0
1.0
1.0
1.0
1.0
1.0
1.0
1.0
1.0
1.0
1.0
1.0
1.0
1.0
1.0
1.0
1.0
1.0
1.0
1.0
1.0
1.0
1.0
1.0
1.0
1.0
1.0
1.0
1.0
1.0
1.0
1.0
1.0
1.0
1.0
1.0
1.0
1.0
1.0
1.0
1.0
1.0
1.0
1.0
1.0
1.0
1.0
1.0
1.0
1.0
1.0
1.0
1.0
1.0
1.0
1.0
1.0
1.0
1.0
1.0
1.0
1.0
1.0
1.0
1.0
1.0
1.0
1.0
1.0
1.0
1.0
1.0
1.0
1.0
1.0
1.0
1.0
1.0
1.0
1.0
1.0
1.0
1.0
1.0
1.0
1.0
1.0
1.0
1.0
1.0
1.0
1.0
1.0
1.0
1.0
1.0
1.0
1.0
1.0
1.0
1.0
1.0
1.0
1.0
1.0
1.0
1.0
1.0
1.0
1.0
1.0
1.0
1.0
1.0
1.0
1.0
1.0
1.0
1.0
1.0
1.0
1.0
1.0
1.0
1.0
1.0
1.0
1.0
1.0
1.0
1.0
1.0
1.0
1.0
1.0
1.0
1.0
1.0
1.0
1.0
1.0
1.0
1.0
1.0
1.0
1.0
1.0
1.0
1.0
1.0
1.0
1.0
1.0
1.0
1.0
1.0
1.0
1.0
1.0
1.0
1.0
1.0
1.0
1.0
1.0
1.0
1.0
1.0
1.0
1.0
1.0
1.0
1.0
1.0
1.0
1.0
1.0
1.0
1.0
1.0
1.0
1.0
1.0
1.0
1.0
1.0
1.0
1.0
1.0
1.0
1.0
1.0
1.0
1.0
1.0
1.0
1.0
1.0
1.0
1.0
1.0
1.0
1.0
1.0
1.0
1.0
1.0
1.0
1.0
1.0
1.0
1.0
1.0
1.0
1.0
1.0
1.0
1.0
1.0
1.0
1.0
1.0
1.0
1.0
1.0
1.0
1.0
1.0
1.0
1.0
1.0
1.0
1.0
1.0
1.0
1.0
1.0
1.0
1.0
1.0
1.0
1.0
1.0
1.0
1.0
1.0
1.0
1.0
1.0
1.0
1.0
1.0
1.0
1.0
1.0
1.0
1.0
1.0
1.0
1.0
1.0
1.0
1.0
1.0
1.0
1.0
1.0
1.0
1.0
1.0
1.0
1.0
1.0
1.0
1.0
1.0
1.0
1.0
1.0
1.0
1.0
1.0
1.0
1.0
1.0
1.0
1.0
1.0
1.0
1.0
1.0
1.0
1.0
1.0
1.0
1.0
1.0
1.0
1.0
1.0
1.0
1.0
1.0
1.0
1.0
1.0
1.0
1.0
1.0
1.0
1.0
1.0
1.0
1.0
1.0
1.0
1.0
1.0
1.0
1.0
1.0
1.0
1.0
1.0
1.0
1.0
1.0
1.0
1.0
1.0
1.0
1.0
1.0
1.0
1.0
1.0
1.0
1.0
1.0
1.0
1.0
1.0
1.0
1.0
1.0
1.0
1.0
1.0
1.0
1.0
1.0
1.0
1.0
1.0
1.0
1.0
1.0
1.0
1.0
1.0
1.0
1.0
1.0
1.0
1.0
1.0
1.0
1.0
1.0
1.0
1.0
1.0
1.0
1.0
1.0
1.0
1.0
1.0
1.0
1.0
1.0
1.0
1.0
1.0
1.0
1.0
1.0
1.0
1.0
1.0
1.0
1.0
1.0
1.0
1.0
1.0
1.0
1.0
1.0
1.0
1.0
1.0
1.0
1.0
1.0
1.0
1.0
1.0
1.0
1.0
1.0
1.0
1.0
1.0
1.0
1.0
1.0
1.0
1.0
1.0
1.0
1.0
1.0
1.0
1.0
1.0
1.0
1.0
1.0
1.0
1.0
1.0
1.0
1.0
1.0
1.0
1.0
1.0
1.0
1.0
1.0
1.0
1.0
1.0
1.0
1.0
1.0
1.0
1.0
1.0
1.0
1.0
1.0
1.0
1.0
1.0
1.0
1.0
1.0
1.0
1.0
1.0
1.0
1.0
1.0
1.0
1.0
1.0
1.0
1.0
1.0
1.0
1.0
1.0
1.0
1.0
1.0
1.0
1.0
1.0
1.0
1.0
1.0
1.0
1.0
1.0
1.0
1.0
1.0
1.0
1.0
1.0
1.0
1.0
1.0
1.0
1.0
1.0
1.0
1.0
1.0
1.0
1.0
1.0
1.0
1.0
1.0
1.0
1.0
1.0
1.0
1.0
1.0
1.0
1.0
1.0
1.0
1.0
1.0
1.0
1.0
1.0
1.0
1.0
1.0
1.0
1.0
1.0
1.0
1.0
1.0
1.0
1.0
1.0
1.0
1.0
1.0
1.0
1.0
1.0
1.0
1.0
1.0
1.0
1.0
1.0
1.0
1.0
1.0
1.0
1.0
1.0
1.0
1.0
1.0
1.0
1.0
1.0
1.0
1.0
1.0
1.0
1.0
1.0
1.0
1.0
1.0
1.0
1.0
1.0
1.0
1.0
1.0
1.0
1.0
1.0
1.0
1.0
1.0
1.0
1.0
1.0
1.0
1.0
1.0
1.0
1.0
1.0
1.0
1.0
1.0
1.0
1.0
1.0
1.0
1.0
1.0
1.0
1.0
1.0
1.0
1.0
1.0
1.0
1.0
1.0
1.0
1.0
1.0
1.0
1.0
1.0
1.0
1.0
1.0
1.0
1.0
1.0
1.0
1.0
1.0
1.0
1.0
1.0
1.0
1.0
1.0
1.0
1.0
1.0
1.0
1.0
1.0
1.0
1.0
1.0
1.0
1.0
1.0
1.0
1.0
1.0
1.0
1.0
1.0
1.0
1.0
1.0
1.0
1.0
1.0
1.0
1.0
1.0
1.0
1.0
1.0
1.0
1.0
1.0
1.0
1.0
1.0
1.0
1.0
1.0
1.0
1.0
1.0
1.0
1.0
1.0
1.0
1.0
1.0
1.0
1.0
1.0
1.0
1.0
1.0
1.0
1.0
1.0
1.0
1.0
1.0
1.0
1.0
1.0
1.0
1.0
1.0
1.0
1.0
1.0
1.0
1.0
1.0
1.0
1.0
1.0
1.0
1.0
1.0
1.0
1.0
1.0
1.0
1.0
1.0
1.0
1.0
1.0
1.0
1.0
1.0
1.0
1.0
1.0
1.0
1.0
1.0
1.0
1.0
1.0
1.0
1.0
1.0
1.0
1.0
1.0
1.0
1.0
1.0
1.0
1.0
1.0
1.0
1.0
1.0
1.0
1.0
1.0
1.0
1.0
1.0
1.0
1.0
1.0
1.0
1.0
1.0
1.0
1.0
1.0
1.0
1.0
1.0
1.0
1.0
1.0
1.0
1.0
1.0
1.0
1.0
1.0
1.0
1.0
1.0
1.0
1.0
1.0
1.0
1.0
1.0
1.0
1.0
1.0
1.0
1.0
1.0
1.0
1.0
1.0
1.0
1.0
1.0
1.0
1.0
1.0
1.0
1.0
1.0
1.0
1.0
1.0
1.0
1.0
1.0
1.0
1.0
1.0
1.0
1.0
1.0
1.0
1.0
1.0
1.0
1.0
1.0
1.0
1.0
1.0
1.0
1.0
1.0
1.0
1.0
1.0
1.0
1.0
1.0
1.0
1.0
1.0
1.0
1.0
1.0
1.0
1.0
1.0
1.0
1.0
1.0
1.0
1.0
1.0
1.0
1.0
1.0
1.0
1.0
1.0
1.0
1.0
1.0
1.0
1.0
1.0
1.0
1.0
1.0
1.0
1.0
1.0
1.0
1.0
1.0
1.0
1.0
1.0
1.0
1.0
1.0
1.0
1.0
1.0
1.0
1.0
1.0
1.0
1.0
1.0
1.0
1.0
1.0
1.0
1.0
1.0
1.0
1.0
1.0
1.0
1.0
1.0
1.0
1.0
1.0
1.0
1.0
1.0
1.0
1.0
1.0
1.0
1.0
1.0
1.0
1.0
1.0
1.0
1.0
1.0
1.0
1.0
1.0
1.0
1.0
1.0
1.0
1.0
1.0
1.0
1.0
1.0
1.0
1.0
1.0
1.0
1.0
1.0
1.0
1.0
1.0
1.0
1.0
1.0
1.0
1.0
1.0
1.0
1.0
1.0
1.0
1.0
1.0
1.0
1.0
1.0
1.0
1.0
1.0
1.0
1.0
1.0
1.0
1.0
1.0
1.0
1.0
1.0
1.0
1.0
1.0
1.0
1.0
1.0
1.0
1.0
1.0
1.0
1.0
1.0
1.0
1.0
1.0
1.0
1.0
1.0
1.0
1.0
1.0
1.0
1.0
1.0
1.0
1.0
1.0
1.0
1.0
1.0
1.0
1.0
1.0
1.0
1.0
1.0
1.0
1.0
1.0
1.0
1.0
1.0
1.0
1.0
1.0
1.0
1.0
1.0
1.0
1.0
1.0
1.0
1.0
1.0
1.0
1.0
1.0
1.0
1.0
1.0
1.0
1.0
1.0
1.0
1.0
1.0
1.0
1.0
1.0
1.0
1.0
1.0
1.0
1.0
1.0
1.0
1.0
1.0
1.0
1.0
1.0
1.0
1.0
1.0
1.0
1.0
1.0
1.0
1.0
1.0
1.0
1.0
1.0
1.0
1.0
1.0
1.0
1.0
1.0
1.0
1.0
1.0
1.0
1.0
1.0
1.0
1.0
1.0
1.0
1.0
1.0
1.0
1.0
1.0
1.0
1.0
1.0
1.0
1.0
1.0
1.0
1.0
1.0
1.0
1.0
1.0
1.0
1.0
1.0
1.0
1.0
1.0
1.0
1.0
1.0
1.0
1.0
1.0
1.0
1.0
1.0
1.0
1.0
1.0
1.0
1.0
1.0
1.0
1.0
1.0
1.0
1.0
1.0
1.0
1.0
1.0
1.0
1.0
1.0
1.0
1.0
1.0
1.0
1.0
1.0
1.0
1.0
1.0
1.0
1.0
1.0
1.0
1.0
1.0
1.0
1.0
1.0
1.0
1.0
1.0
1.0
1.0
1.0
1.0
1.0
1.0
1.0
1.0
1.0
1.0
1.0
1.0
1.0
1.0
1.0
1.0
1.0
1.0
1.0
1.0
1.0
1.0
1.0
1.0
1.0
1.0
1.0
1.0
1.0
1.0
1.0
1.0
1.0
1.0
1.0
1.0
1.0
1.0
1.0
1.0
1.0
1.0
1.0
1.0
1.0
1.0
1.0
1.0
1.0
1.0
1.0
1.0
1.0
1.0
1.0
1.0
1.0
1.0
1.0
1.0
1.0
1.0
1.0
1.0
1.0
1.0
1.0
1.0
1.0
1.0
1.0
1.0
1.0
1.0
1.0
1.0
1.0
1.0
1.0
1.0
1.0
1.0
1.0
1.0
1.0
1.0
1.0
1.0
1.0
1.0
1.0
1.0
1.0
1.0
1.0
1.0
1.0
1.0
1.0
1.0
1.0
1.0
1.0
1.0
1.0
1.0
1.0
1.0
1.0
1.0
1.0
1.0
1.0
1.0
1.0
1.0
1.0
1.0
1.0
1.0
1.0
1.0
1.0
1.0
1.0
1.0
1.0
1.0
1.0
1.0
1.0
1.0
1.0
1.0
1.0
1.0
1.0
1.0
1.0
1.0
1.0
1.0
1.0
1.0
1.0
1.0
1.0
1.0
1.0
1.0
1.0
1.0
1.0
1.0
1.0
1.0
1.0
1.0
1.0
1.0
1.0
1.0
1.0
1.0
1.0
1.0
1.0
1.0
1.0
1.0
1.0
1.0
1.0
1.0
1.0
1.0
1.0
1.0
1.0
1.0
1.0
1.0
1.0
1.0
1.0
1.0
1.0
1.0
1.0
1.0
1.0
1.0
1.0
1.0
1.0
1.0
1.0
1.0
1.0
1.0
1.0
1.0
1.0
1.0
1.0
1.0
1.0
1.0
1.0
1.0
1.0
1.0
1.0
1.0
1.0
1.0
1.0
1.0
1.0
1.0
1.0
1.0
1.0
1.0
1.0
1.0
1.0
1.0
1.0
1.0
1.0
1.0
1.0
1.0
1.0
1.0
1.0
1.0
1.0
1.0
1.0
1.0
1.0
1.0
1.0
1.0
1.0
1.0
1.0
1.0
1.0
1.0
1.0
1.0
1.0
1.0
1.0
1.0
1.0
1.0
1.0
1.0
1.0
1.0
1.0
1.0
1.0
1.0
1.0
1.0
1.0
1.0
1.0
1.0
1.0
1.0
1.0
1.0
1.0
1.0
1.0
1.0
1.0
1.0
1.0
1.0
1.0
1.0
1.0
1.0
1.0
1.0
1.0
1.0
1.0
1.0
1.0
1.0
1.0
1.0
1.0
1.0
1.0
1.0
1.0
1.0
1.0
1.0
1.0
1.0
1.0
1.0
1.0
1.0
1.0
1.0
1.0
1.0
1.0
1.0
1.0
1.0
1.0
1.0
1.0
1.0
1.0
1.0
1.0
1.0
1.0
1.0
1.0
1.0
1.0
1.0
1.0
1.0
1.0
1.0
1.0
1.0
1.0
1.0
1.0
1.0
1.0
1.0
1.0
1.0
1.0
1.0
1.0
1.0
1.0
1.0
1.0
1.0
1.0
1.0
1.0
1.0
1.0
1.0
1.0
1.0
1.0
1.0
1.0
1.0
1.0
1.0
1.0
1.0
1.0
1.0
1.0
1.0
1.0
1.0
1.0
1.0
1.0
1.0
1.0
1.0
1.0
1.0
1.0
1.0
1.0
1.0
1.0
1.0
1.0
1.0
1.0
1.0
1.0
1.0
1.0
1.0
1.0
1.0
1.0
1.0
1.0
1.0
1.0
1.0
1.0
1.0
1.0
1.0
1.0
1.0
1.0
1.0
1.0
1.0
1.0
1.0
1.0
1.0
1.0
1.0
1.0
1.0
1.0
1.0
1.0
1.0
1.0
1.0
1.0
1.0
1.0
1.0
1.0
1.0
1.0
1.0
1.0
1.0
1.0
1.0
1.0
1.0
1.0
1.0
1.0
1.0
1.0
1.0
1.0
1.0
1.0
1.0
1.0
1.0
1.0
1.0
1.0
1.0
1.0
1.0
1.0
1.0
1.0
1.0
1.0
1.0
1.0
1.0
1.0
1.0
1.0
1.0
1.0
1.0
1.0
1.0
1.0
1.0
1.0
1.0
1.0
1.0
1.0
1.0
1.0
1.0
1.0
1.0
1.0
1.0
1.0
1.0
1.0
1.0
1.0
1.0
1.0
1.0
1.0
1.0
1.0
1.0
1.0
1.0
1.0
1.0
1.0
1.0
1.0
1.0
1.0
1.0
1.0
1.0
1.0
1.0
1.0
1.0
1.0
1.0
1.0
1.0
1.0
1.0
1.0
1.0
1.0
1.0
1.0
1.0
1.0
1.0
1.0
1.0
1.0
1.0
1.0
1.0
1.0
1.0
1.0
1.0
1.0
1.0
1.0
1.0
1.0
1.0
1.0
1.0
1.0
1.0
1.0
1.0
1.0
1.0
1.0
1.0
1.0
1.0
1.0
1.0
1.0
1.0
1.0
1.0
1.0
1.0
1.0
1.0
1.0
1.0
1.0
1.0
1.0
1.0
1.0
1.0
1.0
1.0
1.0
1.0
1.0
1.0
1.0
1.0
1.0
1.0
1.0
1.0
1.0
1.0
1.0
1.0
1.0
1.0
1.0
1.0
1.0
1.0
1.0
1.0
1.0
1.0
1.0
1.0
1.0
1.0
1.0
1.0
1.0
1.0
1.0
1.0
1.0
1.0
1.0
1.0
1.0
1.0
1.0
1.0
1.0
1.0
1.0
1.0
1.0
1.0
1.0
1.0
1.0
1.0
1.0
1.0
1.0
1.0
1.0
1.0
1.0
1.0
1.0
1.0
1.0
1.0
1.0
1.0
1.0
1.0
1.0
1.0
1.0
1.0
1.0
1.0
1.0
1.0
1.0
1.0
1.0
1.0
1.0
1.0
1.0
1.0
1.0
1.0
1.0
1.0
1.0
1.0
1.0
1.0
1.0
1.0
1.0
1.0
1.0
1.0
1.0
1.0
1.0
1.0
1.0
1.0
1.0
1.0
1.0
1.0
1.0
1.0
1.0
1.0
1.0
1.0
1.0
1.0
1.0
1.0
1.0
1.0
1.0
1.0
1.0
1.0
1.0
1.0
1.0
1.0
1.0
1.0
1.0
1.0
1.0
1.0
1.0
1.0
1.0
1.0
1.0
1.0
1.0
1.0
1.0
1.0
1.0
1.0
1.0
1.0
1.0
1.0
1.0
1.0
1.0
1.0
1.0
1.0
1.0
1.0
1.0
1.0
1.0
1.0
1.0
1.0
1.0
1.0
1.0
1.0
1.0
1.0
1.0
1.0
1.0
1.0
1.0
1.0
1.0
1.0
1.0
1.0
1.0
1.0
1.0
1.0
1.0
1.0
1.0
1.0
1.0
1.0
1.0
1.0
1.0
1.0
1.0
1.0
1.0
1.0
1.0
1.0
1.0
1.0
1.0
1.0
1.0
1.0
1.0
1.0
1.0
1.0
1.0
1.0
1.0
1.0
1.0
1.0
1.0
1.0
1.0
1.0
1.0
1.0
1.0
1.0
1.0
1.0
1.0
1.0
1.0
1.0
1.0
1.0
1.0
1.0
1.0
1.0
1.0
1.0
1.0
1.0
1.0
1.0
1.0
1.0
1.0
1.0
1.0
1.0
1.0
1.0
1.0
1.0
1.0
1.0
1.0
1.0
1.0
1.0
1.0
1.0
1.0
1.0
1.0
1.0
1.0
