0.00017188269703183323
0.0001760337909217924
0.00017607572954148054
0.00017579203995410353
0.00017618901620153338
0.00015722027455922216
0.00015721954696346074
0.00017211723024956882
0.004205960314720869
0.004205960314720869
0.0042059593833982944
0.004205971956253052
0.00420636311173439
0.004246084485203028
0.004677124321460724
0.004727570340037346
0.004268734250217676
0.004735453985631466
0.004735425114631653
0.0047354004345834255
0.004733952693641186
0.004692899528890848
0.004735060501843691
0.0045076897367835045
0.004735423717647791
0.004735424183309078
0.004735417198389769
0.004734665621072054
0.004622801207005978
0.000382984580937773
0.00038298318395391107
0.00038273673271760345
0.0003094131825491786
0.001459374907426536
0.0017003940884023905
0.0017005549743771553
0.0017133394721895456
0.005579795688390732
0.005631412845104933
0.004204395227134228
0.005615551955997944
0.005610791500657797
0.005646298173815012
0.005646567791700363
0.005646553356200457
0.005646543577313423
0.005646531004458666
0.005646533332765102
0.005646543577313423
0.005646575707942247
0.005646849982440472
0.005654946900904179
0.0021156754810363054
4.5154317263040866e-07
0.00016088425763882697
0.004178910981863737
0.004064770415425301
0.004145799670368433
0.004184118937700987
0.004159488249570131
0.00560646690428257
5.3306008339859545e-05
0.0005404126713983715
0.028156569227576256
0.030657291412353516
0.04065602272748947
0.031154215335845947
0.024908486753702164
0.041165899485349655
0.037864260375499725
0.0407479964196682
0.011983505450189114
0.04113376513123512
0.04133480787277222
0.04185521975159645
0.04179876297712326
0.04116639867424965
0.04109128192067146
0.04108482971787453
0.041070789098739624
0.04105203226208687
0.04103101044893265
0.04103808104991913
0.04104093089699745
0.04069310426712036
0.03930166736245155
0.0427674800157547
0.03739384189248085
0.04032507538795471
0.04085807129740715
0.04109123721718788
0.04109112173318863
0.041040945798158646
0.040679071098566055
0.04113885387778282
0.041165776550769806
0.04123057797551155
0.04109162837266922
0.041091617196798325
0.041091613471508026
0.041091613471508026
0.041091613471508026
0.04110337048768997
0.03685116395354271
0.03626732528209686
0.03685835376381874
0.03685835376381874
0.03685835376381874
0.03685835748910904
0.03685827553272247
0.03685721755027771
0.03741063177585602
0.00167845468968153
0.0019224181305617094
0.005042511969804764
0.00504188472405076
0.005041609518229961
0.005041381809860468
0.005032474175095558
0.005012026522308588
0.005046103615313768
0.005462517496198416
0.03237123042345047
0.03237542137503624
0.25339794158935547
0.28581348061561584
0.2858133018016815
0.2858264148235321
0.33587750792503357
0.2856749892234802
0.2858000099658966
0.2874339818954468
0.2906593680381775
0.2915809154510498
0.29150837659835815
0.29149433970451355
0.29147475957870483
0.2914121448993683
0.291147917509079
0.29137322306632996
0.2914838194847107
0.33775413036346436
0.3445773124694824
0.3445783853530884
0.3445834219455719
0.34781378507614136
0.42249029874801636
0.42239999771118164
0.42295897006988525
0.5711588263511658
0.5708394050598145
0.5804779529571533
0.6120845079421997
0.6025941967964172
0.6517915725708008
0.652480959892273
0.6524810791015625
0.6525182723999023
0.6558905243873596
0.6524810791015625
0.6524822115898132
0.6525113582611084
0.6531702280044556
0.7867556214332581
0.7819682359695435
0.7819682359695435
0.7819682359695435
0.7819671630859375
0.7816619873046875
0.7819659113883972
0.7819680571556091
0.7819682359695435
0.7819682359695435
0.7819691300392151
0.7822019457817078
0.00013720820425078273
0.845196545124054
0.7820820808410645
0.7819682359695435
0.7819680571556091
0.78196781873703
0.7819640636444092
0.7806282639503479
0.6475432515144348
0.7819440960884094
0.781175971031189
0.7711054682731628
0.7906906604766846
0.8883825540542603
0.897593080997467
0.8918975591659546
0.8985353112220764
0.8985353112220764
0.8985353112220764
0.8985353112220764
0.8985353112220764
0.8985243439674377
1.1445924741337876e-07
1.208405535635393e-07
1.208396298579828e-07
1.2083228284609504e-07
1.2071460275819845e-07
7.172939575639248e-08
1.2063802046213823e-07
1.2081072497949208e-07
1.2083435763088346e-07
1.2083997091849596e-07
1.2089485323940607e-07
1.389327195511214e-07
9.082809810934123e-06
9.082809810934123e-06
9.172590580419637e-06
5.25912873854395e-05
5.338903429219499e-05
9.134347055805847e-05
5.33889869984705e-05
5.3389245294965804e-05
5.418186992756091e-05
5.971080463496037e-05
5.5322212574537843e-05
0.0010884747607633471
0.00343718403019011
0.0033762461971491575
0.0012391814962029457
0.0024541860911995173
0.0030733528546988964
0.0005004652193747461
0.0005001206300221384
2.8275737804506207e-06
5.6369672165601514e-06
1.6289270206470974e-05
7.718995038885623e-05
7.868312968639657e-05
0.0001849723921623081
0.00018465163884684443
0.00016476697055622935
1.7797785814566147e-11
1.4321145831719395e-11
1.429939500141586e-11
1.4370908976713004e-11
1.5100837247317145e-11
2.3859168113427032e-11
1.47441414632965e-09
1.5060062086291737e-09
3.4646503443980237e-09
1.4182842278387398e-07
1.4182815277763439e-07
1.4182222685121815e-07
1.2586650655066478e-07
8.148398592311423e-06
6.382930678228149e-06
2.2418378648580983e-05
6.904409383423626e-05
0.000428342551458627
0.00029235705733299255
3.618254822868039e-06
3.963518793170806e-06
3.845836999971652e-06
5.3357189244707115e-06
2.5009097953443415e-05
2.5038933017640375e-05
2.3970133042894304e-05
7.988311153894756e-06
2.9443912353599444e-05
2.9447051929309964e-05
2.9447222914313897e-05
2.9447222914313897e-05
2.9447277483996004e-05
2.9447446650010534e-05
2.9459106372087263e-05
2.7712198061635718e-05
0.0007236415985971689
0.0005255005089566112
0.00195419043302536
0.002955126576125622
0.004373255651444197
0.005010597407817841
0.004372959025204182
0.0043609063141047955
0.003442599903792143
0.004373057279735804
0.004372623283416033
0.0039704241789877415
0.00437292130663991
0.0043731085024774075
0.0044708638451993465
0.004372359719127417
0.004356426652520895
0.004372594878077507
0.0043730465695261955
0.004373056814074516
0.004373061470687389
0.004373065195977688
0.004372875671833754
0.003904826706275344
0.004373311065137386
0.004479382652789354
0.06983374804258347
0.06990043818950653
0.06990043818950653
0.06990043818950653
0.06990043818950653
0.06989233195781708
0.06847113370895386
0.06990043818950653
0.06990043818950653
0.06990043818950653
0.06990043818950653
0.06990040838718414
0.06264146417379379
0.06990043818950653
0.06990043818950653
0.06990043818950653
0.069899782538414
0.06976955384016037
0.06989256292581558
0.06990019232034683
0.06990043818950653
0.06990043818950653
0.06990043818950653
0.06990043818950653
0.06990043818950653
0.06990043818950653
0.06867364794015884
0.06990043818950653
0.06990043818950653
0.06990043818950653
0.06990043818950653
0.06990043818950653
0.06990043818950653
0.06990043818950653
0.06990043818950653
0.06990043818950653
0.06990043818950653
0.06990043818950653
0.06989803910255432
0.06969258934259415
0.06990043818950653
0.06990043818950653
0.06990043818950653
0.0699002742767334
0.06989999115467072
0.0698714554309845
0.03267574682831764
0.03211934119462967
0.032675452530384064
0.03267541527748108
0.03267541527748108
0.03267541527748108
0.03267541527748108
0.03267541527748108
0.03267541527748108
0.03267541527748108
0.03267541527748108
0.03267540782690048
0.03267519921064377
0.0317135788500309
0.03325284644961357
0.03500811383128166
0.03500811383128166
0.03500811383128166
0.03500811383128166
0.03500811383128166
0.03500811383128166
0.03500811383128166
0.03500811383128166
0.03500809893012047
0.034983523190021515
0.03409309685230255
0.03500811383128166
0.03500727564096451
0.03476244583725929
0.03500763326883316
0.03500811383128166
0.03500811383128166
0.03500811383128166
0.03500809147953987
0.03498641774058342
0.04428110271692276
0.04307030513882637
0.043070413172245026
0.04307040572166443
0.04307040572166443
0.043070413172245026
0.04307033121585846
0.04307030513882637
0.043070293962955475
0.04307028651237488
0.043070413172245026
0.04377682879567146
0.07852588593959808
0.07936231791973114
0.13603642582893372
0.13624203205108643
0.13848133385181427
0.16962650418281555
0.1378510743379593
0.13785004615783691
0.13784827291965485
0.13787676393985748
0.2075643241405487
0.12015035003423691
0.23003754019737244
0.2300431728363037
0.23004412651062012
0.2300439178943634
0.23001915216445923
0.22893284261226654
0.22597736120224
0.23003508150577545
0.23004475235939026
0.2300441712141037
0.23004412651062012
0.23004411160945892
0.23076917231082916
0.8538566827774048
0.8538468480110168
0.8537436723709106
0.8535974025726318
0.8004927039146423
0.8538473844528198
0.8538436889648438
0.8538024425506592
0.8533591032028198
0.853137195110321
0.853807270526886
0.8538464903831482
0.853847861289978
0.853847861289978
0.853847861289978
0.8538479804992676
0.8543570637702942
0.8540772795677185
0.8538509011268616
0.8538479804992676
0.853847861289978
0.8538480401039124
0.8538481593132019
0.8538487553596497
0.8546819686889648
0.8635091781616211
0.8374866247177124
0.8374865651130676
0.8374865651130676
0.8374865651130676
0.8374865651130676
0.837486743927002
0.8375093936920166
0.83675616979599
0.8374865055084229
0.8374873399734497
0.837562084197998
0.8337373733520508
0.7937215566635132
0.7929814457893372
0.7929622530937195
0.792716920375824
0.7926396131515503
0.7929704189300537
0.7929774522781372
0.7930373549461365
0.7614461779594421
0.735899806022644
0.7929777503013611
0.7929777503013611
0.7929777503013611
0.7929777503013611
0.7929774522781372
0.7929772138595581
0.7929764986038208
0.7929680943489075
0.7928703427314758
0.7925387620925903
0.7929277420043945
0.7929726839065552
0.7929768562316895
0.7929777503013611
0.7929777503013611
0.7929762601852417
0.7929562330245972
0.7929765582084656
0.7929777503013611
0.7929777503013611
0.7929777503013611
0.7929777503013611
0.7930076122283936
0.9125731587409973
0.9209069609642029
0.9722884297370911
0.9728719592094421
0.9458988308906555
0.9418789148330688
0.9458934664726257
0.9369939565658569
0.9459222555160522
0.9459234476089478
0.9470673203468323
0.9596309065818787
0.9595713019371033
0.9590983390808105
0.9595064520835876
0.9596090912818909
0.9614804983139038
0.9516835808753967
0.9516807198524475
0.9516807198524475
0.9516761898994446
0.9016596674919128
0.9524456858634949
0.9505504965782166
0.9516634941101074
0.9493458867073059
0.9335237741470337
0.9408776164054871
0.9513051509857178
0.9516803026199341
0.9516807198524475
0.9516807198524475
0.9516807198524475
0.9516807198524475
0.9517146348953247
0.9789842963218689
0.9558108448982239
0.9798065423965454
0.9792935252189636
0.9792934656143188
0.9779516458511353
0.9792934656143188
0.9792934656143188
0.9792934656143188
0.9792934656143188
0.9792935252189636
0.9793184995651245
0.9835207462310791
0.9793922305107117
0.978157103061676
0.9781572222709656
0.9781572222709656
0.9781572222709656
0.9781572222709656
0.9781572222709656
0.9781572222709656
0.978157103061676
0.9776100516319275
0.9781572222709656
0.9781572222709656
0.9781578183174133
0.933936357498169
0.9781572222709656
0.9781572222709656
0.978157103061676
0.9781238436698914
0.9313181638717651
0.9781572222709656
0.9781572222709656
0.9781572222709656
0.9781572222709656
0.9781572222709656
0.978157103061676
0.9627646803855896
0.9781572222709656
0.9781572222709656
0.9781572222709656
0.9781572222709656
0.9781572222709656
0.9781572222709656
0.9781572222709656
0.9781572222709656
0.9781572222709656
0.9781529307365417
0.9840905070304871
0.9707022309303284
0.9813781976699829
0.9665025472640991
0.9665025472640991
0.9665025472640991
0.9665025472640991
0.9665025472640991
0.9665025472640991
0.9665025472640991
0.96650230884552
0.9664688110351562
0.9664133787155151
0.9664992094039917
0.9665015339851379
0.9665021896362305
0.96650230884552
0.96650230884552
0.9664725661277771
0.8512352705001831
0.9285434484481812
0.9665025472640991
0.9665025472640991
0.9665025472640991
0.9664992094039917
0.9617571234703064
0.9665024280548096
0.9665016531944275
0.9664930701255798
0.9663822054862976
0.9664997458457947
0.966439962387085
0.9660237431526184
0.9665024280548096
0.9665024280548096
0.9665025472640991
0.9665025472640991
0.9665025472640991
0.9665014147758484
0.9664783477783203
0.9994196891784668
0.9994021654129028
0.9994021654129028
0.9994021654129028
0.9994021654129028
0.9887732863426208
0.9994021654129028
0.9994021654129028
0.9994021654129028
0.9994021654129028
0.9994021654129028
0.9994021654129028
0.9994021654129028
0.9994021654129028
0.9994021654129028
0.9994019269943237
0.9985565543174744
0.9994021654129028
0.9994021654129028
0.9994021654129028
0.9994021654129028
0.9994021654129028
0.9994021654129028
0.9994021654129028
0.9994021654129028
0.9994020462036133
0.9994262456893921
0.9993904829025269
0.9994020462036133
0.9994021654129028
0.9994022846221924
0.9994027614593506
0.9993181228637695
0.9993147850036621
0.9993122816085815
0.9993149042129517
0.9993125200271606
0.9992859959602356
0.9992859959602356
0.9992859959602356
0.9992859959602356
0.9993042945861816
0.9993034601211548
0.9982625842094421
0.9992091059684753
0.9965994954109192
0.9966425895690918
0.9966433048248291
0.9966433048248291
0.9966433048248291
0.9966433048248291
0.9966431856155396
0.9966393709182739
0.996604323387146
0.9966446161270142
0.9992627501487732
0.999966025352478
0.999966025352478
0.999966025352478
0.999966025352478
0.999966025352478
0.999966025352478
0.999966025352478
0.999966025352478
0.999966025352478
0.9999644756317139
0.999963641166687
0.999966025352478
0.9999662637710571
0.9999667406082153
0.999966025352478
0.9997761845588684
0.9997872710227966
0.9999561309814453
0.9999650716781616
0.9999650716781616
0.9999650716781616
0.9999649524688721
0.9999649524688721
0.9999649524688721
0.9999639987945557
0.9999649524688721
0.9999650716781616
0.9999629259109497
0.9999649524688721
0.9999643564224243
0.9999650716781616
0.9999650716781616
0.9999650716781616
0.9999650716781616
0.9999650716781616
0.9999650716781616
0.9999650716781616
0.9999650716781616
0.9999650716781616
0.9999645948410034
0.9999650716781616
0.9999651908874512
0.9999821186065674
0.9999822378158569
0.9999822378158569
0.9999961853027344
0.9999961853027344
0.999996542930603
0.9999961853027344
0.9999961853027344
0.9999961853027344
0.9999961853027344
0.9999961853027344
0.9999961853027344
0.9999961853027344
0.9999961853027344
0.9999969005584717
0.9999961853027344
0.9999961853027344
0.9999961853027344
0.9999961853027344
0.9999961853027344
0.9999961853027344
0.9999961853027344
0.9999961853027344
0.9999961853027344
0.9999961853027344
0.9999961853027344
0.9999967813491821
0.9999967813491821
0.9999984502792358
0.9999984502792358
0.9999984502792358
0.9999984502792358
0.9999984502792358
0.9999984502792358
0.9999984502792358
0.9999984502792358
0.9999967813491821
0.9999967813491821
0.9999967813491821
0.9999967813491821
0.9999954700469971
0.9999682903289795
0.9999712705612183
0.9999710321426392
0.9999706745147705
0.9999706745147705
0.9999712705612183
0.9999712705612183
0.9999712705612183
0.9999756813049316
0.9999967813491821
0.9999967813491821
0.9999967813491821
0.9999967813491821
0.9999967813491821
0.9999967813491821
0.9999967813491821
0.9999967813491821
0.9999967813491821
0.9999967813491821
0.9999967813491821
0.9999967813491821
0.9999969005584717
0.9999984502792358
0.9999984502792358
0.9999984502792358
0.9999984502792358
0.9999984502792358
0.9999984502792358
0.9999984502792358
0.9999984502792358
0.9999982118606567
0.9999985694885254
0.9999984502792358
0.9999984502792358
0.9999984502792358
0.9999984502792358
0.9999991655349731
0.9999991655349731
0.9999991655349731
0.9999986886978149
0.9999991655349731
0.9999994039535522
0.9999995231628418
0.9999994039535522
0.9999995231628418
0.9999995231628418
0.9999995231628418
0.9999995231628418
0.9999995231628418
0.9999995231628418
0.9999995231628418
0.9999995231628418
0.9999995231628418
0.9999995231628418
0.9999995231628418
0.9999995231628418
0.9999995231628418
0.9999995231628418
0.9999995231628418
0.9999995231628418
0.9999995231628418
0.9999995231628418
0.9999995231628418
0.9999995231628418
0.9999994039535522
0.9999994039535522
0.9999994039535522
0.9999994039535522
0.9999994039535522
0.9999994039535522
0.9999994039535522
0.9999994039535522
0.9999994039535522
0.9999994039535522
0.9999994039535522
0.9999994039535522
0.9999994039535522
0.9999994039535522
0.9999979734420776
0.9999994039535522
0.9999994039535522
0.9999994039535522
0.9999994039535522
0.9999994039535522
0.9999994039535522
0.9999994039535522
0.9999994039535522
0.9999994039535522
0.9999994039535522
0.9999994039535522
0.9999994039535522
0.9999994039535522
0.9999994039535522
0.9999994039535522
0.9999994039535522
0.9999994039535522
0.9999994039535522
0.9999994039535522
0.9999990463256836
0.9999994039535522
0.9999994039535522
0.9999994039535522
0.9999994039535522
0.9999992847442627
0.9999994039535522
0.9999994039535522
0.9999994039535522
0.9999994039535522
0.9999994039535522
0.9999994039535522
0.9999994039535522
0.9999994039535522
0.9999994039535522
0.9999988079071045
0.9999988079071045
0.999998927116394
0.9999938011169434
0.9999938011169434
0.9999938011169434
0.9999938011169434
0.9999938011169434
0.9999938011169434
0.9999938011169434
0.9999938011169434
0.9999939203262329
0.9999938011169434
0.9999935626983643
0.9999938011169434
0.9999936819076538
0.9999938011169434
0.9999938011169434
0.9999938011169434
0.9999938011169434
0.9999938011169434
0.9999938011169434
0.9999939203262329
0.9999938011169434
0.9999938011169434
0.9999938011169434
0.9999938011169434
0.9999938011169434
0.9999938011169434
0.9999938011169434
0.9999916553497314
0.9999916553497314
0.9999916553497314
0.9999916553497314
0.9999916553497314
0.9999916553497314
0.9999916553497314
0.9999916553497314
0.9999916553497314
0.9999916553497314
0.9999916553497314
0.9999916553497314
0.9999916553497314
0.9999916553497314
0.9999916553497314
0.9999916553497314
0.9999916553497314
0.9999916553497314
0.9999916553497314
0.9999916553497314
0.9999916553497314
0.9999916553497314
0.9999916553497314
0.9999916553497314
0.9999924898147583
0.9999916553497314
0.9999916553497314
0.9999916553497314
0.9999916553497314
0.9999916553497314
0.9999916553497314
0.9999916553497314
0.9999916553497314
0.9999916553497314
0.9999932050704956
0.9999933242797852
0.9999916553497314
0.9999916553497314
0.9999916553497314
0.9999916553497314
0.9999916553497314
0.9999916553497314
0.9999916553497314
0.9999916553497314
0.9999916553497314
0.9999916553497314
0.9999916553497314
0.9999916553497314
0.9999916553497314
0.9999916553497314
0.9999916553497314
0.9999916553497314
0.9999916553497314
0.9999916553497314
0.9999918937683105
0.9999916553497314
0.9999916553497314
0.9999916553497314
0.9999916553497314
0.9999916553497314
0.9999916553497314
0.9999916553497314
0.9999916553497314
0.9999902248382568
0.9999902248382568
0.9999903440475464
0.9999911785125732
0.9999908208847046
0.9999908208847046
0.9999908208847046
0.9999908208847046
0.9999908208847046
0.9999908208847046
0.9999908208847046
0.9999908208847046
0.9999918937683105
0.9999918937683105
0.9999918937683105
0.9999918937683105
0.9999918937683105
0.9999918937683105
0.9999918937683105
0.9999918937683105
0.9999918937683105
0.9999915361404419
0.9999967813491821
0.9999967813491821
0.9999967813491821
0.9999967813491821
0.9999967813491821
0.9999967813491821
0.9999967813491821
0.9999967813491821
0.999996542930603
0.9999957084655762
0.9999957084655762
0.9999957084655762
0.999995231628418
0.9999984502792358
0.9999949932098389
0.9999949932098389
0.9999949932098389
0.9999954700469971
0.9999936819076538
0.9999936819076538
0.9999936819076538
0.9999936819076538
0.9999936819076538
0.9999938011169434
0.9999814033508301
0.9999816417694092
0.9999936819076538
0.9999936819076538
0.9999936819076538
0.9999938011169434
0.9999958276748657
0.9999936819076538
0.9999936819076538
0.9999936819076538
0.9999936819076538
0.9999936819076538
0.9999936819076538
0.9999936819076538
0.9999936819076538
0.9999936819076538
0.9999936819076538
0.9999936819076538
0.9999936819076538
0.9999936819076538
0.9999936819076538
0.9999949932098389
0.9999946355819702
0.9999949932098389
0.9999949932098389
0.9999951124191284
0.9999940395355225
0.9999949932098389
0.9999949932098389
0.9999949932098389
0.9999949932098389
0.9999949932098389
0.9999949932098389
0.9999949932098389
0.9999949932098389
0.9999949932098389
0.9999949932098389
0.9999949932098389
0.9999951124191284
0.9999949932098389
0.9999949932098389
0.9999949932098389
0.9999949932098389
0.9999949932098389
0.9999949932098389
0.9999949932098389
0.9999949932098389
0.9999949932098389
0.9999949932098389
0.9999949932098389
0.9999949932098389
0.9999949932098389
0.9999949932098389
0.999992847442627
0.9999949932098389
0.9999949932098389
0.9999949932098389
0.9999949932098389
0.9999991655349731
0.9999991655349731
0.9999991655349731
0.9999991655349731
0.9999991655349731
0.9999991655349731
0.9999991655349731
0.9999991655349731
0.9999991655349731
0.9999991655349731
0.9999991655349731
0.9999992847442627
0.9999994039535522
0.9999992847442627
0.9999994039535522
0.999998927116394
0.9999992847442627
0.9999994039535522
0.9999994039535522
0.9999994039535522
0.9999994039535522
0.9999994039535522
0.9999994039535522
0.9999994039535522
0.9999994039535522
0.9999991655349731
0.9999994039535522
0.9999994039535522
0.9999992847442627
0.9999994039535522
0.999998927116394
0.9999994039535522
0.9999994039535522
0.9999994039535522
0.9999994039535522
0.9999994039535522
0.9999994039535522
0.9999994039535522
0.9999994039535522
0.9999994039535522
0.9999988079071045
0.9999994039535522
0.9999994039535522
0.9999994039535522
0.9999994039535522
0.9999994039535522
0.9999994039535522
0.9999994039535522
0.9999994039535522
0.9999994039535522
0.9999994039535522
0.9999994039535522
0.9999994039535522
0.9999994039535522
0.9999994039535522
0.9999994039535522
0.9999994039535522
0.9999994039535522
0.9999994039535522
0.9999991655349731
0.9999994039535522
0.9999994039535522
0.9999994039535522
0.9999994039535522
0.9999994039535522
0.9999994039535522
0.9999994039535522
0.9999995231628418
0.9999997615814209
0.9999997615814209
0.9999997615814209
0.9999997615814209
0.9999997615814209
0.9999997615814209
0.9999997615814209
0.9999997615814209
0.9999997615814209
0.9999997615814209
0.9999997615814209
0.9999997615814209
0.9999997615814209
0.9999997615814209
0.9999997615814209
0.9999995231628418
0.9999997615814209
0.9999997615814209
0.9999997615814209
0.9999997615814209
0.9999997615814209
0.9999997615814209
0.9999997615814209
0.9999997615814209
0.9999997615814209
0.9999996423721313
0.9999997615814209
0.9999997615814209
0.9999997615814209
0.9999997615814209
0.9999997615814209
0.9999996423721313
0.9999997615814209
0.9999997615814209
0.9999997615814209
0.9999997615814209
0.9999997615814209
0.9999997615814209
0.9999997615814209
0.9999997615814209
0.9999997615814209
0.9999997615814209
0.9999997615814209
0.9999997615814209
0.9999997615814209
0.9999997615814209
0.9999997615814209
0.9999995231628418
0.9999997615814209
0.9999997615814209
0.9999997615814209
0.9999997615814209
0.9999997615814209
0.9999997615814209
0.9999997615814209
0.9999997615814209
0.9999996423721313
0.9999995231628418
0.9999995231628418
0.9999995231628418
0.9999995231628418
0.9999995231628418
0.9999995231628418
0.9999995231628418
0.9999995231628418
0.9999995231628418
0.9999995231628418
0.9999995231628418
0.9999995231628418
0.9999995231628418
0.9999995231628418
0.9999995231628418
0.9999995231628418
0.9999995231628418
0.9999995231628418
0.9999995231628418
0.9999995231628418
0.9999995231628418
0.9999995231628418
0.9999995231628418
0.9999995231628418
0.9999996423721313
0.9999995231628418
0.9999995231628418
0.9999995231628418
0.9999995231628418
0.9999995231628418
0.9999995231628418
0.9999995231628418
0.9999995231628418
0.9999995231628418
0.9999995231628418
0.9999995231628418
0.9999995231628418
0.9999995231628418
0.9999995231628418
0.9999995231628418
0.9999995231628418
0.9999995231628418
0.9999995231628418
0.9999995231628418
0.9999995231628418
0.9999995231628418
0.9999995231628418
0.9999995231628418
0.9999995231628418
0.9999995231628418
0.9999995231628418
0.9999995231628418
0.9999995231628418
0.9999995231628418
0.9999995231628418
0.9999995231628418
0.9999995231628418
0.9999995231628418
0.9999995231628418
0.9999995231628418
0.9999995231628418
0.9999995231628418
0.9999995231628418
0.9999995231628418
0.9999995231628418
0.9999995231628418
0.9999995231628418
0.9999995231628418
0.9999995231628418
0.9999995231628418
0.9999995231628418
0.9999995231628418
0.9999995231628418
0.9999995231628418
0.9999995231628418
0.9999995231628418
0.9999995231628418
0.9999995231628418
0.9999995231628418
0.9999995231628418
0.9999995231628418
0.9999995231628418
0.9999995231628418
0.9999995231628418
0.9999995231628418
0.9999995231628418
0.9999995231628418
0.9999995231628418
0.9999995231628418
0.9999995231628418
0.9999995231628418
0.9999995231628418
0.9999995231628418
0.9999995231628418
0.9999995231628418
0.9999995231628418
0.9999995231628418
0.9999995231628418
0.9999995231628418
0.9999995231628418
0.9999995231628418
0.9999995231628418
0.9999995231628418
0.9999995231628418
0.9999995231628418
0.9999995231628418
0.9999995231628418
0.9999995231628418
0.9999995231628418
0.9999995231628418
0.9999996423721313
0.9999995231628418
0.9999995231628418
0.9999995231628418
0.9999995231628418
0.9999995231628418
0.9999995231628418
0.9999995231628418
0.9999995231628418
0.9999995231628418
0.9999995231628418
0.9999995231628418
0.9999995231628418
0.9999995231628418
0.9999995231628418
0.9999995231628418
0.9999995231628418
0.9999995231628418
0.9999995231628418
0.9999995231628418
0.9999995231628418
0.9999995231628418
0.9999995231628418
0.9999995231628418
0.9999995231628418
0.9999995231628418
0.9999995231628418
0.9999995231628418
0.9999995231628418
0.9999995231628418
0.9999995231628418
0.9999995231628418
0.9999995231628418
0.9999995231628418
0.9999995231628418
0.9999995231628418
0.9999995231628418
0.9999995231628418
0.9999995231628418
0.9999995231628418
0.9999995231628418
0.9999995231628418
0.9999995231628418
0.9999995231628418
0.9999995231628418
0.9999995231628418
0.9999995231628418
0.9999995231628418
0.9999996423721313
0.9999996423721313
0.9999991655349731
0.9999991655349731
0.9999991655349731
0.9999991655349731
0.9999991655349731
0.9999991655349731
0.9999991655349731
0.9999991655349731
0.9999991655349731
0.9999991655349731
0.9999991655349731
0.9999991655349731
0.9999991655349731
0.9999991655349731
0.9999991655349731
0.9999991655349731
0.9999991655349731
0.9999991655349731
0.9999991655349731
0.9999991655349731
0.9999991655349731
0.9999991655349731
0.9999991655349731
0.9999991655349731
0.9999991655349731
0.9999991655349731
0.9999991655349731
0.9999991655349731
0.9999991655349731
0.9999991655349731
0.9999991655349731
0.9999991655349731
0.9999972581863403
0.9999967813491821
0.9999967813491821
0.9999967813491821
0.9999967813491821
0.9999967813491821
0.9999967813491821
0.9999967813491821
0.9999967813491821
0.9999967813491821
0.9999967813491821
0.9999967813491821
0.9999967813491821
0.9999967813491821
0.9999967813491821
0.9999967813491821
0.9999967813491821
0.9999967813491821
0.9999967813491821
0.999996542930603
0.9999967813491821
0.9999967813491821
0.9999967813491821
0.9999967813491821
0.9999967813491821
0.9999967813491821
0.9999967813491821
0.9999959468841553
0.9999966621398926
0.9999967813491821
0.9999967813491821
0.9999967813491821
0.9999967813491821
0.9999967813491821
0.9999967813491821
0.9999967813491821
0.9999967813491821
0.9999967813491821
0.9999967813491821
0.9999967813491821
0.9999967813491821
0.9999985694885254
0.9999985694885254
0.9999985694885254
0.9999985694885254
0.9999985694885254
0.9999904632568359
0.9999984502792358
0.9999985694885254
0.9999985694885254
0.9999985694885254
0.9999985694885254
0.9999985694885254
0.9999985694885254
0.9999985694885254
0.9999985694885254
0.9999985694885254
0.9999985694885254
0.9999985694885254
0.9999985694885254
0.9999969005584717
0.9999985694885254
0.9999985694885254
0.9999984502792358
0.9999977350234985
0.9999954700469971
0.9999977350234985
0.9999977350234985
0.9999977350234985
0.9999977350234985
0.9999977350234985
0.9999977350234985
0.9999977350234985
0.9999977350234985
0.9999977350234985
0.9999977350234985
0.9999977350234985
0.9999977350234985
0.9999961853027344
0.9999983310699463
0.9999984502792358
0.9999988079071045
0.9999984502792358
0.9999984502792358
0.9999984502792358
0.9999984502792358
0.9999984502792358
0.9999984502792358
0.9999984502792358
0.9999966621398926
0.9999984502792358
0.9999984502792358
0.9999984502792358
0.9999984502792358
0.9999984502792358
0.9999978542327881
0.9999977350234985
0.9999977350234985
0.9999977350234985
0.9999977350234985
0.9999977350234985
0.9999977350234985
0.9999977350234985
0.9999977350234985
0.9999977350234985
0.9999977350234985
0.9999977350234985
0.9999977350234985
0.9999966621398926
0.9999974966049194
0.9999974966049194
0.9999974966049194
0.9999974966049194
0.9999974966049194
0.9999974966049194
0.9999974966049194
0.9999974966049194
0.9999974966049194
0.999997615814209
0.9999974966049194
0.9999974966049194
0.9999974966049194
0.9999974966049194
0.9999974966049194
0.9999974966049194
0.9999974966049194
0.9999974966049194
0.9999974966049194
0.9999974966049194
0.9999977350234985
0.9999977350234985
0.9999977350234985
0.9999977350234985
0.9999977350234985
0.9999977350234985
0.9999977350234985
0.9999977350234985
0.9999977350234985
0.9999977350234985
0.9999977350234985
0.9999977350234985
0.9999977350234985
0.9999977350234985
0.9999977350234985
0.9999977350234985
0.9999977350234985
0.9999977350234985
0.9999977350234985
0.9999977350234985
0.9999977350234985
0.9999977350234985
0.9999982118606567
0.9999977350234985
0.9999977350234985
0.9999977350234985
0.9999977350234985
0.9999977350234985
0.9999817609786987
0.9999817609786987
0.9999817609786987
0.9999817609786987
0.9999817609786987
0.9999804496765137
0.9999817609786987
0.9999817609786987
0.9999817609786987
0.9999817609786987
0.9999794960021973
0.9999817609786987
0.9999817609786987
0.9999817609786987
0.9999817609786987
0.9999817609786987
0.9999817609786987
0.9999817609786987
0.9999809265136719
0.9999817609786987
0.9999817609786987
0.9999817609786987
0.9999958276748657
0.9999958276748657
0.9999958276748657
0.9999958276748657
0.9999958276748657
0.9999958276748657
0.9999958276748657
0.9999958276748657
0.9999958276748657
0.9999958276748657
0.9999960660934448
0.9999942779541016
0.9999942779541016
0.9999942779541016
0.9999942779541016
0.9999942779541016
0.9999942779541016
0.9999942779541016
0.9999942779541016
0.9999942779541016
0.9999942779541016
0.9999942779541016
0.9999942779541016
0.9999974966049194
0.9999974966049194
0.9999974966049194
0.9999974966049194
0.9999974966049194
0.9999974966049194
0.9999974966049194
0.9999974966049194
0.9999974966049194
0.9999974966049194
0.9999974966049194
0.9999974966049194
0.9999974966049194
0.9999974966049194
0.9999974966049194
0.9999969005584717
0.9999974966049194
0.9999974966049194
0.9999974966049194
0.9999974966049194
0.9999974966049194
0.999997615814209
0.9999974966049194
0.9999974966049194
0.9999974966049194
0.9999974966049194
0.9999974966049194
0.9999974966049194
0.9999974966049194
0.9999974966049194
0.9999974966049194
0.9999961853027344
0.9999961853027344
0.9999960660934448
0.9999961853027344
0.9999961853027344
0.9999961853027344
0.9999961853027344
0.9999963045120239
0.9999977350234985
0.9999978542327881
0.9999980926513672
0.9999988079071045
0.9999988079071045
0.9999988079071045
0.9999988079071045
0.9999988079071045
0.9999988079071045
0.9999988079071045
0.9999988079071045
0.9999988079071045
0.9999988079071045
0.9999988079071045
0.9999988079071045
0.9999988079071045
0.9999988079071045
0.9999988079071045
0.9999990463256836
0.9999988079071045
0.9999988079071045
0.9999988079071045
0.9999988079071045
0.9999988079071045
0.9999988079071045
0.9999988079071045
0.9999988079071045
0.9999988079071045
0.9999988079071045
0.9999988079071045
0.9999988079071045
0.9999988079071045
0.9999988079071045
0.9999988079071045
1.0
1.0
1.0
1.0
1.0
1.0
1.0
1.0
1.0
1.0
1.0
1.0
1.0
1.0
1.0
1.0
1.0
1.0
1.0
1.0
1.0
1.0
1.0
1.0
1.0
1.0
1.0
1.0
1.0
1.0
1.0
1.0
1.0
1.0
1.0
1.0
1.0
1.0
1.0
1.0
1.0
1.0
1.0
1.0
1.0
1.0
1.0
1.0
1.0
1.0
1.0
1.0
1.0
1.0
1.0
1.0
1.0
1.0
1.0
1.0
1.0
1.0
1.0
1.0
1.0
1.0
1.0
1.0
1.0
1.0
1.0
1.0
1.0
1.0
1.0
1.0
1.0
1.0
1.0
1.0
1.0
1.0
1.0
1.0
1.0
1.0
1.0
1.0
1.0
1.0
1.0
1.0
1.0
1.0
1.0
1.0
1.0
1.0
1.0
1.0
1.0
1.0
1.0
1.0
1.0
1.0
1.0
1.0
1.0
1.0
1.0
1.0
1.0
1.0
1.0
1.0
1.0
1.0
1.0
1.0
1.0
1.0
1.0
1.0
1.0
1.0
1.0
1.0
1.0
1.0
1.0
1.0
1.0
1.0
1.0
1.0
1.0
1.0
1.0
1.0
1.0
1.0
1.0
1.0
1.0
1.0
1.0
1.0
1.0
1.0
1.0
1.0
1.0
1.0
1.0
1.0
1.0
1.0
1.0
1.0
1.0
1.0
1.0
1.0
1.0
1.0
1.0
1.0
1.0
1.0
1.0
1.0
1.0
1.0
1.0
1.0
1.0
1.0
1.0
1.0
1.0
1.0
1.0
1.0
1.0
1.0
1.0
1.0
1.0
1.0
1.0
1.0
1.0
1.0
1.0
1.0
1.0
1.0
1.0
1.0
1.0
1.0
1.0
1.0
1.0
1.0
1.0
1.0
1.0
1.0
1.0
1.0
1.0
1.0
1.0
1.0
1.0
1.0
1.0
1.0
1.0
1.0
1.0
1.0
1.0
1.0
1.0
1.0
1.0
1.0
1.0
1.0
1.0
1.0
1.0
1.0
1.0
1.0
1.0
1.0
1.0
1.0
1.0
1.0
1.0
1.0
1.0
1.0
1.0
1.0
1.0
1.0
1.0
1.0
1.0
1.0
1.0
1.0
1.0
1.0
1.0
1.0
1.0
1.0
1.0
1.0
1.0
1.0
1.0
1.0
1.0
1.0
1.0
1.0
1.0
1.0
1.0
1.0
1.0
1.0
1.0
1.0
1.0
1.0
1.0
1.0
1.0
1.0
1.0
1.0
1.0
1.0
1.0
1.0
1.0
1.0
1.0
1.0
1.0
1.0
1.0
1.0
1.0
1.0
1.0
1.0
1.0
1.0
1.0
1.0
1.0
1.0
1.0
1.0
1.0
1.0
1.0
1.0
1.0
1.0
1.0
1.0
1.0
1.0
1.0
1.0
1.0
1.0
1.0
1.0
1.0
1.0
1.0
1.0
1.0
1.0
1.0
1.0
1.0
1.0
1.0
1.0
1.0
1.0
1.0
1.0
1.0
1.0
1.0
1.0
1.0
1.0
1.0
1.0
1.0
1.0
1.0
1.0
1.0
1.0
1.0
1.0
1.0
1.0
1.0
1.0
1.0
1.0
1.0
1.0
1.0
1.0
1.0
1.0
1.0
1.0
1.0
1.0
1.0
1.0
1.0
1.0
1.0
1.0
1.0
1.0
1.0
1.0
1.0
1.0
1.0
1.0
1.0
1.0
1.0
1.0
1.0
1.0
1.0
1.0
1.0
1.0
1.0
1.0
1.0
1.0
1.0
1.0
1.0
1.0
1.0
1.0
1.0
1.0
1.0
1.0
1.0
1.0
1.0
1.0
1.0
1.0
1.0
1.0
1.0
1.0
1.0
1.0
1.0
1.0
1.0
1.0
1.0
1.0
1.0
1.0
1.0
1.0
1.0
1.0
1.0
1.0
1.0
1.0
1.0
1.0
1.0
1.0
1.0
1.0
1.0
1.0
1.0
1.0
1.0
1.0
1.0
1.0
1.0
1.0
1.0
1.0
1.0
1.0
1.0
1.0
1.0
1.0
1.0
1.0
1.0
1.0
1.0
1.0
1.0
1.0
1.0
1.0
1.0
1.0
1.0
1.0
1.0
1.0
1.0
1.0
1.0
1.0
1.0
1.0
1.0
1.0
1.0
1.0
1.0
1.0
1.0
1.0
1.0
1.0
1.0
1.0
1.0
1.0
1.0
1.0
1.0
1.0
1.0
1.0
1.0
1.0
1.0
1.0
1.0
1.02579473536784e-21
9.980728959322154e-21
9.980728959322154e-21
9.980728959322154e-21
9.980690993024508e-21
9.979472032531986e-21
9.937533006123267e-21
9.792874949741654e-21
9.980576286338001e-21
9.980728959322154e-21
9.980728959322154e-21
9.980728959322154e-21
9.980728959322154e-21
9.980728959322154e-21
9.981452742358138e-21
1.0743723910632761e-20
9.535526258571195e-14
9.536635532918919e-14
9.496974062196684e-14
6.125161548754463e-14
9.536672802368598e-14
9.536672802368598e-14
9.536672802368598e-14
9.536672802368598e-14
9.536672802368598e-14
9.536672802368598e-14
9.536672802368598e-14
9.536672802368598e-14
9.536672802368598e-14
9.536672802368598e-14
9.536672802368598e-14
9.536635532918919e-14
8.750157309877007e-14
9.536672802368598e-14
9.536672802368598e-14
9.536672802368598e-14
9.536672802368598e-14
9.515051100543806e-14
7.229134825481598e-14
9.536672802368598e-14
9.536672802368598e-14
9.536672802368598e-14
9.536672802368598e-14
9.536672802368598e-14
9.536672802368598e-14
9.536672802368598e-14
9.536672802368598e-14
9.536672802368598e-14
9.536672802368598e-14
9.536672802368598e-14
9.536672802368598e-14
9.536672802368598e-14
9.536672802368598e-14
8.733817027884935e-14
9.536672802368598e-14
9.536672802368598e-14
9.536745308388883e-14
9.581487621541929e-14
1.0787493131842602e-14
9.536691098280259e-14
9.536672802368598e-14
9.536672802368598e-14
9.536672802368598e-14
9.536672802368598e-14
9.536672802368598e-14
9.536672802368598e-14
9.536672802368598e-14
9.536672802368598e-14
9.536672802368598e-14
9.536672802368598e-14
9.559162543557737e-14
1.0
1.0
1.0
1.0
1.0
1.0
1.0
1.0
1.0
1.0
1.0
1.0
1.0
1.0
1.0
1.0
1.0
1.0
1.0
1.0
1.0
1.0
1.0
1.0
1.0
1.0
1.0
1.0
1.0
1.0
1.0
1.0
1.0
1.0
1.0
1.0
1.0
1.0
1.0
1.0
1.0
1.0
1.0
1.0
1.0
1.0
1.0
1.0
1.0
1.0
1.0
1.0
1.0
1.0
1.0
1.0
1.0
1.0
1.0
1.0
1.0
1.0
1.0
1.0
1.0
1.0
1.0
1.0
1.0
1.0
1.0
1.0
1.0
1.0
1.0
1.0
1.0
1.0
1.0
1.0
1.0
1.0
1.0
1.0
1.0
1.0
1.0
1.0
1.0
1.0
1.0
1.0
1.0
1.0
1.0
1.0
1.0
1.0
1.0
1.0
1.0
1.0
1.0
1.0
1.0
1.0
1.0
1.0
1.0
1.0
1.0
1.0
1.0
1.0
1.0
1.0
1.0
1.0
1.0
1.0
1.0
1.0
1.0
1.0
1.0
1.0
1.0
1.0
1.0
1.0
1.0
1.0
1.0
1.0
1.0
1.0
1.0
1.0
1.0
1.0
1.0
1.0
1.0
1.0
1.0
1.0
1.0
1.0
1.0
1.0
1.0
1.0
1.0
1.0
1.0
1.0
1.0
1.0
1.0
1.0
1.0
1.0
1.0
1.0
1.0
1.0
1.0
1.0
1.0
1.0
1.0
1.0
1.0
1.0
1.0
1.0
1.0
1.0
1.0
1.0
1.0
1.0
1.0
1.0
1.0
1.0
1.0
1.0
1.0
1.0
1.0
1.0
1.0
1.0
1.0
1.0
1.0
1.0
1.0
1.0
1.0
1.0
1.0
1.0
1.0
1.0
1.0
1.0
1.0
1.0
1.0
1.0
1.0
1.0
1.0
1.0
1.0
1.0
1.0
1.0
1.0
1.0
1.0
1.0
1.0
1.0
1.0
1.0
1.0
1.0
1.0
1.0
1.0
1.0
1.0
1.0
1.0
1.0
1.0
1.0
1.0
1.0
1.0
1.0
1.0
1.0
1.0
1.0
1.0
1.0
1.0
1.0
1.0
1.0
1.0
1.0
1.0
1.0
1.0
1.0
1.0
1.0
1.0
1.0
1.0
1.0
1.0
1.0
1.0
1.0
1.0
1.0
1.0
1.0
1.0
1.0
1.0
1.0
1.0
1.0
1.0
1.0
1.0
1.0
1.0
1.0
1.0
1.0
1.0
1.0
1.0
1.0
1.0
1.0
1.0
1.0
1.0
1.0
1.0
1.0
1.0
1.0
1.0
1.0
1.0
1.0
1.0
1.0
1.0
1.0
1.0
1.0
1.0
1.0
1.0
1.0
1.0
1.0
1.0
1.0
1.0
1.0
1.0
1.0
1.0
1.0
1.0
1.0
1.0
1.0
1.0
1.0
1.0
1.0
1.0
1.0
1.0
1.0
1.0
1.0
1.0
1.0
1.0
1.0
1.0
1.0
1.0
1.0
1.0
1.0
1.0
1.0
1.0
1.0
1.0
1.0
1.0
1.0
1.0
1.0
1.0
1.0
1.0
1.0
1.0
1.0
1.0
1.0
1.0
1.0
1.0
1.0
1.0
1.0
1.0
1.0
1.0
1.0
1.0
1.0
1.0
1.0
1.0
1.0
1.0
1.0
1.0
1.0
1.0
1.0
1.0
1.0
1.0
1.0
1.0
1.0
1.0
1.0
1.0
1.0
1.0
1.0
1.0
1.0
1.0
1.0
1.0
1.0
1.0
1.0
1.0
1.0
1.0
1.0
1.0
1.0
1.0
1.0
1.0
1.0
1.0
1.0
1.0
1.0
1.0
1.0
1.0
1.0
1.0
1.0
1.0
1.0
1.0
1.0
1.0
1.0
1.0
1.0
1.0
1.0
1.0
1.0
1.0
1.0
1.0
1.0
1.0
1.0
1.0
1.0
1.0
1.0
1.0
1.0
1.0
1.0
1.0
1.0
1.0
1.0
1.0
1.0
1.0
1.0
1.0
1.0
1.0
1.0
1.0
1.0
1.0
1.0
1.0
1.0
1.0
1.0
1.0
1.0
1.0
1.0
1.0
1.0
1.0
1.0
1.0
1.0
1.0
1.0
1.0
1.0
1.0
1.0
1.0
1.0
1.0
1.0
1.0
1.0
1.0
1.0
1.0
1.0
1.0
1.0
1.0
1.0
1.0
1.0
1.0
1.0
1.0
1.0
1.0
1.0
1.0
1.0
1.0
1.0
1.0
1.0
1.0
1.0
1.0
1.0
1.0
1.0
1.0
1.0
1.0
1.0
1.0
1.0
1.0
1.0
1.0
1.0
1.0
1.0
1.0
1.0
1.0
1.0
1.0
1.0
1.0
1.0
1.0
1.0
1.0
1.0
1.0
1.0
1.0
1.0
1.0
1.0
1.0
1.0
1.0
1.0
1.0
1.0
1.0
1.0
1.0
1.0
1.0
1.0
1.0
1.0
1.0
1.0
1.0
1.0
1.0
1.0
1.0
1.0
1.0
1.0
1.0
1.0
1.0
1.0
1.0
1.0
1.0
1.0
1.0
1.0
1.0
1.0
1.0
1.0
1.0
1.0
1.0
1.0
1.0
1.0
1.0
1.0
1.0
1.0
1.0
1.0
1.0
1.0
1.0
1.0
1.0
1.0
1.0
1.0
1.0
1.0
1.0
1.0
1.0
1.0
1.0
1.0
1.0
1.0
1.0
1.0
1.0
1.0
1.0
1.0
1.0
1.0
1.0
1.0
1.0
1.0
1.0
1.0
1.0
1.0
1.0
1.0
1.0
1.0
1.0
1.0
1.0
1.0
1.0
1.0
1.0
1.0
1.0
1.0
1.0
1.0
1.0
1.0
1.0
1.0
1.0
1.0
1.0
1.0
1.0
1.0
1.0
1.0
1.0
1.0
1.0
1.0
1.0
1.0
1.0
1.0
1.0
1.0
1.0
1.0
1.0
1.0
1.0
1.0
1.0
1.0
1.0
1.0
1.0
1.0
1.0
1.0
1.0
1.0
1.0
1.0
1.0
1.0
1.0
1.0
1.0
1.0
1.0
1.0
1.0
1.0
1.0
1.0
1.0
1.0
1.0
1.0
1.0
1.0
1.0
1.0
1.0
1.0
1.0
1.0
1.0
1.0
1.0
1.0
1.0
1.0
1.0
1.0
1.0
1.0
1.0
1.0
1.0
1.0
1.0
1.0
1.0
1.0
1.0
1.0
1.0
1.0
1.0
1.0
1.0
1.0
1.0
1.0
1.0
1.0
1.0
1.0
1.0
1.0
1.0
1.0
1.0
1.0
1.0
1.0
1.0
1.0
1.0
1.0
1.0
1.0
0.9999982118606567
1.0
1.0
1.0
1.0
1.0
1.0
1.0
1.0
1.0
1.0
1.0
1.0
1.0
1.0
1.0
1.0
1.0
1.0
1.0
1.0
1.0
1.0
1.0
1.0
1.0
1.0
1.0
1.0
1.0
1.0
1.0
1.0
1.0
1.0
1.0
1.0
1.0
1.0
1.0
1.0
1.0
1.0
1.0
1.0
1.0
1.0
1.0
1.0
1.0
1.0
1.0
1.0
1.0
1.0
1.0
1.0
1.0
1.0
1.0
1.0
1.0
1.0
1.0
1.0
1.0
1.0
1.0
1.0
1.0
1.0
1.0
1.0
1.0
1.0
1.0
1.0
1.0
1.0
1.0
1.0
1.0
1.0
1.0
1.0
1.0
1.0
1.0
1.0
1.0
1.0
1.0
1.0
1.0
1.0
1.0
1.0
1.0
1.0
1.0
1.0
1.0
1.0
1.0
1.0
1.0
1.0
1.0
1.0
1.0
1.0
1.0
1.0
1.0
1.0
1.0
1.0
1.0
1.0
1.0
1.0
1.0
1.0
1.0
1.0
1.0
1.0
1.0
1.0
1.0
1.0
1.0
1.0
1.0
1.0
1.0
1.0
1.0
1.0
1.0
1.0
1.0
1.0
1.0
1.0
1.0
1.0
1.0
1.0
1.0
1.0
1.0
1.0
1.0
1.0
1.0
1.0
1.0
1.0
1.0
1.0
1.0
1.0
1.0
1.0
1.0
1.0
1.0
1.0
1.0
1.0
1.0
1.0
1.0
1.0
1.0
1.0
1.0
1.0
1.0
1.0
1.0
1.0
1.0
1.0
1.0
1.0
1.0
1.0
1.0
1.0
1.0
1.0
1.0
1.0
1.0
1.0
1.0
1.0
1.0
1.0
1.0
1.0
1.0
1.0
1.0
1.0
1.0
1.0
1.0
1.0
1.0
1.0
1.0
1.0
1.0
1.0
1.0
1.0
1.0
1.0
1.0
1.0
1.0
1.0
1.0
1.0
1.0
1.0
1.0
1.0
1.0
1.0
1.0
1.0
1.0
1.0
1.0
1.0
1.0
1.0
1.0
1.0
1.0
1.0
1.0
1.0
1.0
1.0
1.0
1.0
1.0
1.0
1.0
1.0
1.0
1.0
1.0
1.0
1.0
1.0
1.0
1.0
1.0
1.0
1.0
1.0
1.0
1.0
1.0
1.0
1.0
1.0
1.0
1.0
1.0
1.0
1.0
1.0
1.0
1.0
1.0
1.0
1.0
1.0
1.0
1.0
1.0
1.0
1.0
1.0
1.0
1.0
1.0
1.0
1.0
1.0
1.0
1.0
1.0
1.0
1.0
1.0
1.0
1.0
1.0
1.0
1.0
1.0
1.0
1.0
1.0
1.0
1.0
1.0
1.0
1.0
1.0
1.0
1.0
1.0
1.0
1.0
1.0
1.0
1.0
1.0
1.0
1.0
1.0
1.0
1.0
1.0
1.0
1.0
1.0
1.0
1.0
1.0
1.0
1.0
1.0
1.0
1.0
1.0
1.0
1.0
1.0
1.0
1.0
1.0
1.0
1.0
1.0
1.0
1.0
1.0
1.0
1.0
1.0
1.0
1.0
1.0
1.0
1.0
1.0
1.0
1.0
1.0
1.0
1.0
1.0
1.0
1.0
1.0
1.0
1.0
1.0
1.0
1.0
1.0
1.0
1.0
1.0
1.0
1.0
1.0
1.0
1.0
1.0
1.0
1.0
1.0
1.0
1.0
1.0
1.0
1.0
1.0
1.0
1.0
1.0
1.0
1.0
1.0
1.0
1.0
1.0
1.0
1.0
1.0
1.0
1.0
1.0
1.0
1.0
1.0
1.0
1.0
1.0
1.0
1.0
1.0
1.0
1.0
1.0
1.0
1.0
1.0
1.0
1.0
1.0
1.0
1.0
1.0
1.0
1.0
1.0
1.0
1.0
1.0
1.0
1.0
1.0
1.0
1.0
1.0
1.0
1.0
1.0
1.0
1.0
1.0
1.0
1.0
1.0
1.0
1.0
1.0
1.0
1.0
1.0
1.0
1.0
1.0
1.0
1.0
1.0
1.0
1.0
1.0
1.0
1.0
1.0
1.0
1.0
1.0
1.0
1.0
1.0
1.0
1.0
1.0
1.0
1.0
1.0
1.0
1.0
1.0
1.0
1.0
1.0
1.0
1.0
1.0
1.0
1.0
1.0
1.0
1.0
1.0
1.0
1.0
1.0
1.0
1.0
1.0
1.0
1.0
1.0
1.0
1.0
1.0
1.0
1.0
1.0
1.0
1.0
1.0
1.0
1.0
1.0
1.0
1.0
1.0
1.0
1.0
1.0
1.0
1.0
1.0
1.0
1.0
1.0
1.0
1.0
1.0
1.0
1.0
1.0
1.0
1.0
1.0
1.0
1.0
1.0
1.0
1.0
1.0
1.0
1.0
1.0
1.0
1.0
1.0
1.0
1.0
1.0
1.0
1.0
1.0
1.0
1.0
1.0
1.0
1.0
1.0
1.0
1.0
1.0
1.0
1.0
1.0
1.0
1.0
1.0
1.0
1.0
1.0
1.0
1.0
1.0
1.0
1.0
1.0
1.0
1.0
1.0
1.0
1.0
1.0
1.0
1.0
1.0
1.0
1.0
1.0
1.0
1.0
1.0
1.0
1.0
1.0
1.0
1.0
1.0
1.0
1.0
1.0
1.0
1.0
1.0
1.0
1.0
1.0
1.0
1.0
1.0
1.0
1.0
1.0
1.0
1.0
1.0
1.0
1.0
1.0
1.0
1.0
1.0
1.0
1.0
1.0
1.0
1.0
1.0
1.0
1.0
1.0
1.0
1.0
1.0
1.0
1.0
1.0
1.0
1.0
1.0
1.0
1.0
1.0
1.0
1.0
1.0
1.0
1.0
1.0
1.0
1.0
1.0
1.0
1.0
1.0
1.0
1.0
1.0
1.0
1.0
1.0
1.0
1.0
1.0
1.0
1.0
1.0
1.0
1.0
1.0
1.0
1.0
1.0
1.0
1.0
1.0
1.0
1.0
1.0
1.0
1.0
1.0
1.0
1.0
1.0
1.0
1.0
1.0
1.0
1.0
1.0
1.0
1.0
1.0
1.0
1.0
1.0
1.0
1.0
1.0
1.0
1.0
1.0
1.0
1.0
1.0
1.0
1.0
1.0
1.0
1.0
1.0
1.0
1.0
1.0
1.0
1.0
1.0
1.0
1.0
1.0
1.0
1.0
1.0
1.0
1.0
1.0
1.0
1.0
1.0
1.0
1.0
1.0
1.0
1.0
1.0
1.0
1.0
1.0
1.0
1.0
1.0
1.0
1.0
1.0
1.0
1.0
1.0
1.0
1.0
1.0
1.0
1.0
1.0
1.0
1.0
1.0
1.0
1.0
1.0
1.0
1.0
1.0
1.0
1.0
1.0
1.0
1.0
1.0
1.0
1.0
1.0
1.0
1.0
1.0
1.0
1.0
1.0
1.0
1.0
1.0
1.0
1.0
1.0
1.0
1.0
1.0
1.0
1.0
1.0
1.0
1.0
1.0
1.0
1.0
1.0
1.0
1.0
1.0
1.0
1.0
1.0
1.0
1.0
1.0
1.0
1.0
1.0
1.0
1.0
1.0
1.0
1.0
1.0
1.0
1.0
1.0
1.0
1.0
1.0
1.0
1.0
1.0
1.0
1.0
1.0
1.0
1.0
1.0
1.0
1.0
1.0
1.0
1.0
1.0
1.0
1.0
1.0
1.0
1.0
1.0
1.0
1.0
1.0
1.0
1.0
1.0
1.0
1.0
1.0
1.0
1.0
1.0
1.0
1.0
1.0
1.0
1.0
1.0
1.0
1.0
1.0
1.0
1.0
1.0
1.0
1.0
1.0
1.0
1.0
1.0
1.0
1.0
1.0
1.0
1.0
1.0
1.0
1.0
1.0
1.0
1.0
1.0
1.0
1.0
1.0
1.0
1.0
1.0
1.0
1.0
1.0
1.0
1.0
1.0
1.0
1.0
1.0
1.0
1.0
1.0
1.0
1.0
1.0
1.0
1.0
1.0
1.0
1.0
1.0
1.0
1.0
1.0
1.0
1.0
1.0
1.0
1.0
1.0
1.0
1.0
1.0
1.0
1.0
1.0
1.0
1.0
1.0
1.0
1.0
1.0
1.0
1.0
1.0
1.0
1.0
1.0
1.0
1.0
1.0
1.0
1.0
1.0
1.0
1.0
1.0
1.0
1.0
1.0
1.0
1.0
1.0
1.0
1.0
1.0
1.0
1.0
1.0
1.0
1.0
1.0
1.0
1.0
1.0
1.0
1.0
1.0
1.0
1.0
1.0
1.0
1.0
1.0
1.0
1.0
1.0
1.0
1.0
1.0
1.0
1.0
1.0
1.0
1.0
1.0
1.0
1.0
1.0
1.0
1.0
1.0
1.0
1.0
1.0
1.0
1.0
1.0
1.0
1.0
1.0
1.0
1.0
1.0
1.0
1.0
1.0
1.0
1.0
1.0
1.0
1.0
1.0
1.0
1.0
1.0
1.0
1.0
1.0
1.0
1.0
1.0
1.0
1.0
1.0
1.0
1.0
1.0
1.0
1.0
1.0
1.0
1.0
1.0
1.0
1.0
1.0
1.0
1.0
1.0
1.0
1.0
1.0
1.0
1.0
1.0
1.0
1.0
1.0
1.0
1.0
1.0
1.0
1.0
1.0
1.0
1.0
1.0
1.0
1.0
1.0
1.0
1.0
1.0
1.0
1.0
1.0
1.0
1.0
1.0
1.0
1.0
1.0
1.0
1.0
1.0
1.0
1.0
1.0
1.0
1.0
1.0
1.0
1.0
1.0
1.0
1.0
1.0
1.0
1.0
1.0
1.0
1.0
1.0
1.0
1.0
1.0
1.0
1.0
1.0
1.0
1.0
1.0
1.0
1.0
1.0
1.0
1.0
1.0
1.0
1.0
1.0
1.0
1.0
1.0
1.0
1.0
1.0
1.0
1.0
1.0
1.0
1.0
1.0
1.0
1.0
1.0
1.0
1.0
1.0
1.0
1.0
1.0
1.0
1.0
1.0
1.0
1.0
1.0
1.0
1.0
1.0
1.0
1.0
1.0
1.0
1.0
1.0
1.0
1.0
1.0
1.0
1.0
1.0
1.0
1.0
1.0
1.0
1.0
1.0
1.0
1.0
1.0
1.0
1.0
1.0
1.0
1.0
1.0
1.0
1.0
1.0
1.0
1.0
1.0
1.0
1.0
1.0
1.0
1.0
1.0
1.0
1.0
1.0
1.0
1.0
1.0
1.0
1.0
1.0
1.0
1.0
1.0
1.0
1.0
1.0
1.0
1.0
1.0
1.0
1.0
1.0
1.0
1.0
1.0
1.0
1.0
1.0
1.0
1.0
1.0
1.0
1.0
1.0
1.0
1.0
1.0
1.0
1.0
1.0
1.0
1.0
1.0
1.0
1.0
1.0
1.0
1.0
1.0
1.0
1.0
1.0
1.0
1.0
1.0
1.0
1.0
1.0
1.0
1.0
1.0
1.0
1.0
1.0
1.0
1.0
1.0
1.0
1.0
1.0
1.0
1.0
1.0
1.0
1.0
1.0
1.0
1.0
1.0
1.0
1.0
1.0
1.0
1.0
1.0
1.0
1.0
1.0
1.0
1.0
1.0
1.0
1.0
1.0
1.0
1.0
1.0
1.0
1.0
1.0
1.0
1.0
1.0
1.0
1.0
1.0
1.0
1.0
1.0
1.0
1.0
1.0
1.0
1.0
1.0
1.0
1.0
1.0
1.0
1.0
1.0
1.0
1.0
1.0
1.0
1.0
1.0
1.0
1.0
1.0
1.0
1.0
1.0
1.0
1.0
1.0
1.0
1.0
1.0
1.0
1.0
1.0
1.0
1.0
1.0
1.0
1.0
1.0
1.0
1.0
1.0
1.0
1.0
1.0
1.0
1.0
1.0
1.0
1.0
1.0
1.0
1.0
1.0
1.0
1.0
1.0
1.0
1.0
1.0
1.0
1.0
1.0
1.0
1.0
1.0
1.0
1.0
1.0
1.0
1.0
1.0
1.0
1.0
1.0
1.0
1.0
1.0
1.0
1.0
1.0
1.0
1.0
1.0
1.0
1.0
1.0
1.0
1.0
1.0
1.0
1.0
1.0
1.0
1.0
1.0
1.0
1.0
1.0
1.0
1.0
1.0
1.0
1.0
1.0
1.0
1.0
1.0
1.0
1.0
1.0
1.0
1.0
1.0
1.0
1.0
1.0
1.0
1.0
1.0
1.0
1.0
1.0
1.0
1.0
1.0
1.0
1.0
1.0
1.0
1.0
1.0
1.0
1.0
1.0
1.0
1.0
1.0
1.0
1.0
1.0
1.0
1.0
1.0
1.0
1.0
1.0
1.0
1.0
1.0
1.0
1.0
1.0
1.0
1.0
1.0
1.0
1.0
1.0
1.0
1.0
1.0
1.0
1.0
1.0
1.0
1.0
1.0
1.0
1.0
1.0
1.0
1.0
1.0
1.0
1.0
1.0
1.0
1.0
1.0
1.0
1.0
1.0
1.0
1.0
1.0
1.0
1.0
1.0
1.0
1.0
1.0
1.0
1.0
1.0
1.0
1.0
1.0
1.0
1.0
1.0
1.0
1.0
1.0
1.0
1.0
1.0
1.0
1.0
1.0
1.0
1.0
1.0
1.0
1.0
1.0
1.0
1.0
1.0
1.0
1.0
1.0
1.0
1.0
1.0
1.0
1.0
1.0
1.0
1.0
1.0
1.0
1.0
1.0
1.0
1.0
1.0
1.0
1.0
1.0
1.0
1.0
1.0
1.0
1.0
1.0
1.0
1.0
1.0
1.0
1.0
1.0
1.0
1.0
1.0
1.0
1.0
1.0
1.0
1.0
1.0
1.0
1.0
1.0
1.0
1.0
1.0
1.0
1.0
1.0
1.0
1.0
1.0
1.0
1.0
1.0
1.0
1.0
1.0
1.0
1.0
1.0
1.0
1.0
1.0
1.0
1.0
1.0
1.0
1.0
1.0
1.0
1.0
1.0
1.0
1.0
1.0
1.0
1.0
1.0
1.0
1.0
1.0
1.0
1.0
1.0
1.0
1.0
1.0
1.0
1.0
1.0
1.0
1.0
1.0
1.0
1.0
1.0
1.0
1.0
1.0
1.0
1.0
1.0
1.0
1.0
1.0
1.0
1.0
1.0
1.0
1.0
1.0
1.0
1.0
1.0
1.0
1.0
1.0
1.0
1.0
1.0
1.0
1.0
1.0
1.0
1.0
1.0
1.0
1.0
1.0
1.0
1.0
1.0
1.0
1.0
1.0
1.0
1.0
1.0
1.0
1.0
1.0
1.0
1.0
1.0
1.0
1.0
1.0
1.0
1.0
1.0
1.0
1.0
1.0
1.0
1.0
1.0
1.0
1.0
1.0
1.0
1.0
1.0
1.0
1.0
1.0
1.0
1.0
1.0
1.0
1.0
1.0
1.0
1.0
1.0
1.0
1.0
1.0
1.0
1.0
1.0
1.0
1.0
1.0
1.0
1.0
1.0
1.0
1.0
1.0
1.0
1.0
1.0
1.0
1.0
1.0
1.0
1.0
1.0
1.0
1.0
1.0
1.0
1.0
1.0
1.0
1.0
1.0
1.0
1.0
1.0
1.0
1.0
1.0
1.0
1.0
1.0
1.0
1.0
1.0
1.0
1.0
1.0
1.0
1.0
1.0
1.0
1.0
1.0
1.0
1.0
1.0
1.0
1.0
1.0
1.0
1.0
1.0
1.0
1.0
1.0
1.0
1.0
1.0
1.0
1.0
1.0
1.0
1.0
1.0
1.0
1.0
1.0
1.0
1.0
1.0
1.0
1.0
1.0
1.0
1.0
1.0
1.0
1.0
1.0
1.0
1.0
1.0
1.0
1.0
1.0
1.0
1.0
1.0
1.0
1.0
1.0
1.0
1.0
1.0
1.0
1.0
1.0
1.0
1.0
1.0
1.0
1.0
1.0
1.0
1.0
1.0
1.0
1.0
1.0
1.0
1.0
1.0
1.0
1.0
1.0
1.0
1.0
1.0
1.0
1.0
1.0
1.0
1.0
1.0
1.0
1.0
1.0
1.0
1.0
1.0
1.0
1.0
1.0
1.0
1.0
1.0
1.0
1.0
1.0
1.0
1.0
1.0
1.0
1.0
1.0
1.0
1.0
1.0
1.0
1.0
1.0
1.0
1.0
1.0
1.0
1.0
1.0
1.0
1.0
1.0
1.0
1.0
1.0
1.0
1.0
1.0
1.0
1.0
1.0
1.0
1.0
1.0
1.0
1.0
1.0
1.0
1.0
1.0
1.0
1.0
1.0
1.0
1.0
1.0
1.0
1.0
1.0
1.0
1.0
1.0
1.0
1.0
1.0
1.0
1.0
1.0
1.0
1.0
1.0
1.0
1.0
1.0
1.0
1.0
1.0
1.0
1.0
1.0
1.0
1.0
1.0
1.0
1.0
1.0
1.0
1.0
1.0
1.0
1.0
1.0
1.0
1.0
1.0
1.0
1.0
1.0
1.0
1.0
1.0
1.0
1.0
1.0
1.0
1.0
1.0
1.0
1.0
1.0
1.0
1.0
1.0
1.0
1.0
1.0
1.0
1.0
1.0
1.0
1.0
1.0
1.0
1.0
1.0
1.0
1.0
1.0
1.0
1.0
1.0
1.0
1.0
1.0
1.0
1.0
1.0
1.0
1.0
1.0
1.0
1.0
1.0
1.0
1.0
1.0
1.0
1.0
1.0
1.0
1.0
1.0
1.0
1.0
1.0
1.0
1.0
1.0
1.0
1.0
1.0
1.0
1.0
1.0
1.0
1.0
1.0
1.0
1.0
1.0
1.0
1.0
1.0
1.0
1.0
1.0
1.0
1.0
1.0
1.0
1.0
1.0
1.0
1.0
1.0
1.0
1.0
1.0
1.0
1.0
1.0
1.0
1.0
1.0
1.0
1.0
1.0
1.0
1.0
1.0
1.0
1.0
1.0
1.0
1.0
1.0
1.0
1.0
1.0
1.0
1.0
1.0
1.0
1.0
1.0
1.0
1.0
1.0
1.0
1.0
1.0
1.0
1.0
1.0
1.0
1.0
1.0
1.0
1.0
1.0
1.0
1.0
1.0
1.0
1.0
1.0
1.0
1.0
1.0
1.0
1.0
1.0
1.0
1.0
1.0
1.0
1.0
1.0
1.0
1.0
1.0
1.0
1.0
1.0
1.0
1.0
1.0
1.0
1.0
1.0
1.0
1.0
1.0
1.0
1.0
1.0
1.0
1.0
1.0
1.0
1.0
1.0
1.0
1.0
1.0
1.0
1.0
1.0
1.0
1.0
1.0
1.0
1.0
1.0
1.0
1.0
1.0
1.0
1.0
1.0
1.0
1.0
1.0
1.0
1.0
1.0
1.0
1.0
1.0
1.0
1.0
1.0
1.0
1.0
1.0
1.0
1.0
1.0
1.0
1.0
1.0
1.0
1.0
1.0
1.0
1.0
1.0
1.0
1.0
1.0
1.0
1.0
1.0
1.0
1.0
1.0
1.0
1.0
1.0
1.0
1.0
1.0
1.0
1.0
1.0
1.0
1.0
1.0
1.0
1.0
1.0
1.0
1.0
1.0
1.0
1.0
1.0
1.0
1.0
1.0
1.0
1.0
1.0
1.0
1.0
1.0
1.0
1.0
1.0
1.0
1.0
1.0
1.0
1.0
1.0
1.0
1.0
1.0
1.0
1.0
1.0
1.0
1.0
1.0
1.0
1.0
1.0
1.0
1.0
1.0
1.0
1.0
1.0
1.0
1.0
1.0
1.0
1.0
1.0
1.0
1.0
1.0
1.0
1.0
1.0
1.0
1.0
1.0
1.0
1.0
1.0
1.0
1.0
1.0
1.0
1.0
1.0
1.0
1.0
1.0
1.0
1.0
1.0
1.0
1.0
1.0
1.0
1.0
1.0
1.0
1.0
1.0
1.0
1.0
1.0
1.0
1.0
1.0
1.0
1.0
1.0
1.0
1.0
1.0
1.0
1.0
1.0
1.0
1.0
1.0
1.0
1.0
1.0
1.0
1.0
1.0
1.0
1.0
1.0
1.0
1.0
1.0
1.0
1.0
1.0
1.0
1.0
1.0
1.0
1.0
1.0
1.0
1.0
1.0
1.0
1.0
1.0
1.0
1.0
1.0
1.0
1.0
1.0
1.0
1.0
1.0
1.0
1.0
1.0
1.0
1.0
1.0
1.0
1.0
1.0
1.0
1.0
1.0
1.0
1.0
1.0
1.0
1.0
1.0
1.0
1.0
1.0
1.0
1.0
1.0
1.0
1.0
1.0
1.0
1.0
1.0
1.0
1.0
1.0
1.0
1.0
1.0
1.0
1.0
1.0
1.0
1.0
1.0
1.0
1.0
1.0
1.0
1.0
1.0
1.0
1.0
1.0
1.0
1.0
1.0
1.0
1.0
1.0
1.0
1.0
1.0
1.0
1.0
1.0
1.0
1.0
1.0
1.0
1.0
1.0
1.0
1.0
1.0
1.0
1.0
1.0
1.0
1.0
1.0
1.0
1.0
1.0
1.0
1.0
1.0
1.0
1.0
1.0
1.0
1.0
1.0
1.0
1.0
1.0
1.0
1.0
1.0
1.0
1.0
1.0
1.0
1.0
1.0
1.0
1.0
1.0
1.0
1.0
1.0
1.0
1.0
1.0
1.0
1.0
1.0
1.0
1.0
1.0
1.0
1.0
1.0
1.0
1.0
1.0
1.0
1.0
1.0
1.0
1.0
1.0
1.0
1.0
1.0
1.0
1.0
1.0
1.0
1.0
1.0
1.0
1.0
1.0
1.0
1.0
1.0
1.0
1.0
1.0
1.0
1.0
1.0
1.0
1.0
1.0
1.0
1.0
1.0
1.0
1.0
1.0
1.0
1.0
1.0
1.0
1.0
1.0
1.0
1.0
1.0
1.0
1.0
1.0
1.0
1.0
1.0
1.0
1.0
1.0
1.0
1.0
1.0
1.0
1.0
1.0
1.0
1.0
1.0
1.0
1.0
1.0
1.0
1.0
1.0
1.0
1.0
1.0
1.0
1.0
1.0
1.0
1.0
1.0
1.0
1.0
1.0
1.0
1.0
1.0
1.0
1.0
1.0
1.0
1.0
1.0
1.0
1.0
1.0
1.0
1.0
1.0
1.0
1.0
1.0
1.0
1.0
1.0
1.0
1.0
1.0
1.0
1.0
1.0
1.0
1.0
1.0
1.0
1.0
1.0
1.0
1.0
1.0
1.0
1.0
1.0
1.0
1.0
1.0
1.0
1.0
1.0
1.0
1.0
1.0
1.0
1.0
1.0
1.0
1.0
1.0
1.0
1.0
1.0
1.0
1.0
1.0
1.0
1.0
1.0
1.0
1.0
1.0
1.0
1.0
1.0
1.0
1.0
1.0
1.0
1.0
1.0
1.0
1.0
1.0
1.0
1.0
1.0
1.0
1.0
1.0
1.0
1.0
1.0
1.0
1.0
1.0
1.0
1.0
1.0
1.0
1.0
1.0
1.0
1.0
1.0
1.0
1.0
1.0
1.0
1.0
1.0
1.0
1.0
1.0
1.0
1.0
1.0
1.0
1.0
1.0
1.0
1.0
1.0
1.0
1.0
1.0
1.0
1.0
1.0
1.0
1.0
1.0
1.0
1.0
1.0
1.0
1.0
1.0
1.0
1.0
1.0
1.0
1.0
1.0
1.0
1.0
1.0
1.0
1.0
1.0
1.0
1.0
1.0
1.0
1.0
1.0
1.0
1.0
1.0
1.0
1.0
1.0
1.0
1.0
1.0
1.0
1.0
1.0
1.0
1.0
1.0
1.0
1.0
1.0
1.0
1.0
1.0
1.0
1.0
1.0
1.0
1.0
1.0
1.0
1.0
1.0
1.0
1.0
1.0
1.0
1.0
1.0
1.0
1.0
1.0
1.0
1.0
1.0
1.0
1.0
1.0
1.0
1.0
1.0
1.0
1.0
1.0
1.0
1.0
1.0
1.0
1.0
1.0
1.0
1.0
1.0
1.0
1.0
1.0
1.0
1.0
1.0
1.0
1.0
1.0
1.0
1.0
1.0
1.0
1.0
1.0
1.0
1.0
1.0
1.0
1.0
1.0
1.0
1.0
1.0
1.0
1.0
1.0
1.0
1.0
1.0
1.0
1.0
1.0
1.0
1.0
1.0
1.0
1.0
1.0
1.0
1.0
1.0
1.0
1.0
1.0
1.0
1.0
1.0
1.0
1.0
1.0
1.0
1.0
1.0
1.0
1.0
1.0
1.0
1.0
1.0
1.0
1.0
1.0
1.0
1.0
1.0
1.0
1.0
1.0
1.0
1.0
1.0
1.0
1.0
1.0
1.0
1.0
1.0
1.0
1.0
1.0
1.0
1.0
1.0
1.0
1.0
1.0
1.0
1.0
1.0
1.0
1.0
1.0
1.0
1.0
1.0
1.0
1.0
1.0
1.0
1.0
1.0
1.0
1.0
1.0
1.0
1.0
1.0
1.0
1.0
1.0
1.0
1.0
1.0
1.0
1.0
1.0
1.0
1.0
1.0
1.0
1.0
1.0
1.0
1.0
1.0
1.0
1.0
1.0
1.0
1.0
1.0
1.0
1.0
1.0
1.0
1.0
1.0
1.0
1.0
1.0
1.0
1.0
1.0
1.0
1.0
1.0
1.0
1.0
1.0
1.0
1.0
1.0
1.0
1.0
1.0
1.0
1.0
1.0
1.0
1.0
1.0
1.0
1.0
1.0
1.0
1.0
1.0
1.0
1.0
1.0
1.0
1.0
1.0
1.0
1.0
1.0
1.0
1.0
1.0
1.0
1.0
1.0
1.0
1.0
1.0
1.0
1.0
1.0
1.0
1.0
1.0
1.0
1.0
1.0
1.0
1.0
1.0
1.0
1.0
1.0
1.0
1.0
1.0
1.0
1.0
1.0
1.0
1.0
1.0
1.0
1.0
1.0
1.0
1.0
1.0
1.0
1.0
1.0
1.0
1.0
1.0
1.0
1.0
1.0
1.0
1.0
1.0
1.0
1.0
1.0
1.0
1.0
1.0
1.0
1.0
1.0
1.0
1.0
1.0
1.0
1.0
1.0
1.0
1.0
1.0
1.0
1.0
1.0
1.0
1.0
1.0
1.0
1.0
1.0
1.0
1.0
1.0
1.0
1.0
1.0
1.0
1.0
1.0
1.0
1.0
1.0
1.0
1.0
1.0
1.0
1.0
1.0
1.0
1.0
1.0
1.0
1.0
1.0
1.0
1.0
1.0
1.0
1.0
1.0
1.0
1.0
1.0
1.0
1.0
1.0
1.0
1.0
1.0
1.0
1.0
1.0
1.0
1.0
1.0
1.0
1.0
1.0
1.0
1.0
1.0
1.0
1.0
1.0
1.0
1.0
1.0
1.0
1.0
1.0
1.0
1.0
1.0
1.0
1.0
1.0
1.0
1.0
1.0
1.0
1.0
1.0
1.0
1.0
1.0
1.0
1.0
1.0
1.0
1.0
1.0
1.0
1.0
1.0
1.0
1.0
1.0
1.0
1.0
1.0
1.0
1.0
1.0
1.0
1.0
1.0
1.0
1.0
1.0
1.0
1.0
1.0
1.0
1.0
1.0
1.0
1.0
1.0
1.0
1.0
1.0
1.0
1.0
1.0
1.0
1.0
1.0
1.0
1.0
1.0
1.0
1.0
1.0
1.0
1.0
1.0
1.0
1.0
1.0
1.0
1.0
1.0
1.0
1.0
1.0
1.0
1.0
1.0
1.0
1.0
1.0
1.0
1.0
1.0
1.0
1.0
1.0
1.0
1.0
1.0
1.0
1.0
1.0
1.0
1.0
1.0
1.0
1.0
1.0
1.0
1.0
1.0
1.0
1.0
1.0
1.0
1.0
1.0
1.0
1.0
1.0
1.0
1.0
1.0
1.0
1.0
1.0
1.0
1.0
1.0
1.0
1.0
1.0
1.0
1.0
1.0
1.0
1.0
1.0
1.0
1.0
1.0
1.0
1.0
1.0
1.0
1.0
1.0
1.0
1.0
1.0
1.0
1.0
1.0
1.0
1.0
1.0
1.0
1.0
1.0
1.0
1.0
1.0
1.0
1.0
1.0
1.0
1.0
1.0
1.0
1.0
1.0
1.0
1.0
1.0
1.0
1.0
1.0
1.0
1.0
1.0
1.0
1.0
1.0
1.0
1.0
1.0
1.0
1.0
1.0
1.0
1.0
1.0
1.0
1.0
1.0
1.0
1.0
1.0
1.0
1.0
1.0
1.0
1.0
1.0
1.0
1.0
1.0
1.0
1.0
1.0
1.0
1.0
1.0
1.0
1.0
1.0
1.0
1.0
1.0
1.0
1.0
1.0
1.0
1.0
1.0
1.0
1.0
1.0
1.0
1.0
1.0
1.0
1.0
1.0
1.0
1.0
1.0
1.0
1.0
1.0
1.0
1.0
1.0
1.0
1.0
1.0
1.0
1.0
1.0
1.0
1.0
1.0
1.0
1.0
1.0
1.0
1.0
1.0
1.0
1.0
1.0
1.0
1.0
1.0
1.0
1.0
1.0
1.0
1.0
1.0
1.0
1.0
1.0
1.0
1.0
1.0
1.0
1.0
1.0
1.0
1.0
1.0
1.0
1.0
1.0
1.0
1.0
1.0
1.0
1.0
1.0
1.0
1.0
1.0
1.0
1.0
1.0
1.0
1.0
1.0
1.0
1.0
1.0
1.0
1.0
1.0
1.0
1.0
1.0
1.0
1.0
1.0
1.0
1.0
1.0
1.0
1.0
1.0
1.0
1.0
1.0
1.0
1.0
1.0
1.0
1.0
1.0
1.0
1.0
1.0
1.0
1.0
1.0
1.0
1.0
1.0
1.0
1.0
1.0
1.0
1.0
1.0
1.0
1.0
1.0
1.0
1.0
1.0
1.0
1.0
1.0
1.0
1.0
1.0
1.0
1.0
1.0
1.0
1.0
1.0
1.0
1.0
1.0
1.0
1.0
1.0
1.0
1.0
1.0
1.0
1.0
1.0
1.0
1.0
1.0
1.0
1.0
1.0
1.0
1.0
1.0
1.0
1.0
1.0
1.0
1.0
1.0
1.0
1.0
1.0
1.0
1.0
1.0
1.0
1.0
1.0
1.0
1.0
1.0
1.0
1.0
1.0
1.0
1.0
1.0
1.0
1.0
1.0
1.0
1.0
1.0
1.0
1.0
1.0
1.0
1.0
1.0
1.0
1.0
1.0
1.0
1.0
1.0
1.0
1.0
1.0
1.0
1.0
1.0
1.0
1.0
1.0
1.0
1.0
1.0
1.0
1.0
1.0
1.0
1.0
1.0
1.0
1.0
1.0
1.0
1.0
1.0
1.0
1.0
1.0
1.0
1.0
1.0
1.0
1.0
1.0
1.0
1.0
1.0
1.0
1.0
1.0
1.0
1.0
1.0
1.0
1.0
1.0
1.0
1.0
1.0
1.0
1.0
1.0
1.0
1.0
1.0
1.0
1.0
1.0
1.0
1.0
1.0
1.0
1.0
1.0
1.0
1.0
1.0
1.0
1.0
1.0
1.0
1.0
1.0
1.0
1.0
1.0
1.0
1.0
1.0
1.0
1.0
1.0
1.0
1.0
1.0
1.0
1.0
1.0
1.0
1.0
1.0
1.0
1.0
1.0
1.0
1.0
1.0
1.0
1.0
1.0
1.0
1.0
1.0
1.0
1.0
1.0
1.0
1.0
1.0
1.0
1.0
1.0
1.0
1.0
1.0
1.0
1.0
1.0
1.0
1.0
1.0
1.0
1.0
1.0
1.0
1.0
1.0
1.0
1.0
1.0
1.0
1.0
1.0
1.0
1.0
1.0
1.0
1.0
1.0
1.0
1.0
1.0
1.0
1.0
1.0
1.0
1.0
1.0
1.0
1.0
1.0
1.0
1.0
1.0
1.0
1.0
1.0
1.0
1.0
1.0
1.0
1.0
1.0
1.0
1.0
1.0
1.0
1.0
1.0
1.0
1.0
1.0
1.0
1.0
1.0
1.0
1.0
1.0
1.0
1.0
1.0
1.0
1.0
1.0
1.0
1.0
1.0
1.0
1.0
1.0
1.0
1.0
1.0
1.0
1.0
1.0
1.0
1.0
1.0
1.0
1.0
1.0
1.0
1.0
1.0
1.0
1.0
1.0
1.0
1.0
1.0
1.0
1.0
1.0
1.0
1.0
1.0
1.0
1.0
1.0
1.0
1.0
1.0
1.0
1.0
1.0
1.0
1.0
1.0
1.0
1.0
1.0
1.0
1.0
1.0
1.0
1.0
1.0
1.0
1.0
1.0
1.0
1.0
1.0
1.0
1.0
1.0
1.0
1.0
1.0
1.0
1.0
1.0
1.0
1.0
1.0
1.0
1.0
1.0
1.0
1.0
1.0
1.0
1.0
1.0
1.0
1.0
1.0
1.0
1.0
1.0
1.0
1.0
1.0
1.0
1.0
1.0
1.0
1.0
1.0
1.0
1.0
1.0
1.0
1.0
1.0
1.0
1.0
1.0
1.0
1.0
1.0
1.0
1.0
1.0
1.0
1.0
1.0
1.0
1.0
1.0
1.0
1.0
1.0
1.0
1.0
1.0
1.0
1.0
1.0
1.0
1.0
1.0
1.0
1.0
1.0
1.0
1.0
1.0
1.0
1.0
1.0
1.0
1.0
1.0
1.0
1.0
1.0
1.0
1.0
1.0
1.0
1.0
1.0
1.0
1.0
1.0
1.0
1.0
1.0
1.0
1.0
1.0
1.0
1.0
1.0
1.0
1.0
1.0
1.0
1.0
1.0
1.0
1.0
1.0
1.0
1.0
1.0
1.0
1.0
1.0
1.0
1.0
1.0
1.0
1.0
1.0
1.0
1.0
1.0
1.0
1.0
1.0
1.0
1.0
1.0
1.0
1.0
1.0
1.0
1.0
1.0
1.0
1.0
1.0
1.0
1.0
1.0
1.0
1.0
1.0
1.0
1.0
1.0
1.0
1.0
1.0
1.0
1.0
1.0
1.0
1.0
1.0
1.0
1.0
1.0
1.0
1.0
1.0
1.0
1.0
1.0
1.0
1.0
1.0
1.0
1.0
1.0
1.0
1.0
1.0
1.0
1.0
1.0
1.0
1.0
1.0
1.0
1.0
1.0
1.0
1.0
1.0
1.0
1.0
1.0
1.0
1.0
1.0
1.0
1.0
1.0
1.0
1.0
1.0
1.0
1.0
1.0
1.0
1.0
1.0
1.0
1.0
1.0
1.0
1.0
1.0
1.0
1.0
1.0
1.0
1.0
1.0
1.0
1.0
1.0
1.0
1.0
1.0
1.0
1.0
1.0
1.0
1.0
1.0
1.0
1.0
1.0
1.0
1.0
1.0
1.0
1.0
1.0
1.0
1.0
1.0
1.0
1.0
1.0
1.0
1.0
1.0
1.0
1.0
1.0
1.0
1.0
1.0
1.0
1.0
1.0
1.0
1.0
1.0
1.0
1.0
1.0
1.0
1.0
1.0
1.0
1.0
1.0
1.0
1.0
1.0
1.0
1.0
1.0
1.0
1.0
1.0
1.0
1.0
1.0
1.0
1.0
1.0
1.0
1.0
1.0
1.0
1.0
1.0
1.0
1.0
1.0
1.0
1.0
1.0
1.0
1.0
1.0
1.0
1.0
1.0
1.0
1.0
1.0
1.0
1.0
1.0
1.0
1.0
1.0
1.0
1.0
1.0
1.0
1.0
1.0
1.0
1.0
1.0
1.0
1.0
1.0
1.0
1.0
1.0
1.0
1.0
1.0
1.0
1.0
1.0
1.0
1.0
1.0
1.0
1.0
1.0
1.0
1.0
1.0
1.0
1.0
1.0
1.0
1.0
1.0
1.0
1.0
1.0
1.0
1.0
1.0
1.0
1.0
1.0
1.0
1.0
1.0
1.0
1.0
1.0
1.0
1.0
1.0
1.0
1.0
1.0
1.0
1.0
1.0
1.0
1.0
1.0
1.0
1.0
1.0
1.0
1.0
1.0
1.0
1.0
1.0
1.0
1.0
1.0
1.0
1.0
1.0
1.0
1.0
1.0
1.0
1.0
1.0
1.0
1.0
1.0
1.0
1.0
1.0
1.0
1.0
1.0
1.0
1.0
1.0
1.0
1.0
1.0
1.0
1.0
1.0
1.0
1.0
1.0
1.0
1.0
1.0
1.0
1.0
1.0
1.0
1.0
1.0
1.0
1.0
1.0
1.0
1.0
1.0
1.0
1.0
1.0
1.0
1.0
1.0
1.0
1.0
1.0
1.0
1.0
1.0
1.0
1.0
1.0
1.0
1.0
1.0
1.0
1.0
1.0
1.0
1.0
1.0
1.0
1.0
1.0
1.0
1.0
1.0
1.0
1.0
1.0
1.0
1.0
1.0
1.0
1.0
1.0
1.0
1.0
1.0
1.0
1.0
1.0
1.0
1.0
1.0
1.0
1.0
1.0
1.0
1.0
1.0
1.0
1.0
1.0
1.0
1.0
1.0
1.0
1.0
1.0
1.0
1.0
1.0
1.0
1.0
1.0
1.0
1.0
1.0
1.0
1.0
1.0
1.0
1.0
1.0
1.0
1.0
1.0
1.0
1.0
1.0
1.0
1.0
1.0
1.0
1.0
1.0
1.0
1.0
1.0
1.0
1.0
1.0
1.0
1.0
1.0
1.0
1.0
1.0
1.0
1.0
1.0
1.0
1.0
1.0
1.0
1.0
1.0
1.0
1.0
1.0
1.0
1.0
1.0
1.0
1.0
1.0
1.0
1.0
1.0
1.0
1.0
1.0
1.0
1.0
1.0
1.0
1.0
1.0
1.0
1.0
1.0
1.0
1.0
1.0
1.0
1.0
1.0
1.0
1.0
1.0
1.0
1.0
1.0
1.0
1.0
1.0
1.0
1.0
1.0
1.0
1.0
1.0
1.0
1.0
1.0
1.0
1.0
1.0
1.0
1.0
1.0
1.0
1.0
1.0
1.0
1.0
1.0
1.0
1.0
1.0
1.0
1.0
1.0
1.0
1.0
1.0
1.0
1.0
1.0
1.0
1.0
1.0
1.0
1.0
1.0
1.0
1.0
1.0
1.0
1.0
1.0
1.0
1.0
1.0
1.0
1.0
1.0
1.0
1.0
1.0
1.0
1.0
1.0
1.0
1.0
1.0
1.0
1.0
1.0
1.0
1.0
1.0
1.0
1.0
1.0
1.0
1.0
1.0
1.0
1.0
1.0
1.0
1.0
1.0
1.0
1.0
1.0
1.0
1.0
1.0
1.0
1.0
1.0
1.0
1.0
1.0
1.0
1.0
1.0
1.0
1.0
1.0
1.0
1.0
1.0
1.0
1.0
1.0
1.0
1.0
1.0
1.0
1.0
1.0
1.0
1.0
1.0
1.0
1.0
1.0
1.0
1.0
1.0
1.0
1.0
1.0
1.0
1.0
1.0
1.0
1.0
1.0
1.0
1.0
1.0
1.0
1.0
1.0
1.0
1.0
1.0
1.0
1.0
1.0
1.0
1.0
1.0
1.0
1.0
1.0
1.0
1.0
1.0
1.0
1.0
1.0
1.0
1.0
1.0
1.0
1.0
1.0
1.0
1.0
1.0
1.0
1.0
1.0
1.0
1.0
1.0
1.0
1.0
1.0
1.0
1.0
1.0
1.0
1.0
1.0
1.0
1.0
1.0
1.0
1.0
1.0
1.0
1.0
1.0
1.0
1.0
1.0
1.0
1.0
1.0
1.0
1.0
1.0
1.0
1.0
1.0
1.0
1.0
1.0
1.0
1.0
1.0
1.0
1.0
1.0
1.0
1.0
1.0
1.0
1.0
1.0
1.0
1.0
1.0
1.0
1.0
1.0
1.0
1.0
1.0
1.0
1.0
1.0
1.0
1.0
1.0
1.0
1.0
1.0
1.0
1.0
1.0
1.0
1.0
1.0
1.0
1.0
1.0
1.0
1.0
1.0
1.0
1.0
1.0
1.0
1.0
1.0
1.0
1.0
1.0
1.0
1.0
1.0
1.0
1.0
1.0
1.0
1.0
1.0
1.0
1.0
1.0
1.0
1.0
1.0
1.0
1.0
1.0
1.0
1.0
1.0
1.0
1.0
1.0
1.0
1.0
1.0
1.0
1.0
1.0
1.0
1.0
1.0
1.0
1.0
1.0
1.0
1.0
1.0
1.0
1.0
1.0
1.0
1.0
1.0
1.0
1.0
1.0
1.0
1.0
1.0
1.0
1.0
1.0
1.0
1.0
1.0
1.0
1.0
1.0
1.0
1.0
1.0
1.0
1.0
1.0
1.0
1.0
1.0
1.0
1.0
1.0
1.0
1.0
1.0
1.0
1.0
1.0
1.0
1.0
1.0
1.0
1.0
1.0
1.0
1.0
1.0
1.0
1.0
1.0
1.0
1.0
1.0
1.0
1.0
1.0
1.0
1.0
1.0
1.0
1.0
1.0
1.0
1.0
1.0
1.0
1.0
1.0
1.0
1.0
1.0
1.0
1.0
1.0
1.0
1.0
1.0
1.0
1.0
1.0
1.0
1.0
1.0
1.0
1.0
1.0
1.0
1.0
1.0
1.0
1.0
1.0
1.0
1.0
1.0
1.0
1.0
1.0
1.0
1.0
1.0
1.0
1.0
1.0
1.0
1.0
1.0
1.0
1.0
1.0
1.0
1.0
1.0
1.0
1.0
1.0
1.0
1.0
1.0
1.0
1.0
1.0
1.0
1.0
1.0
1.0
1.0
1.0
1.0
1.0
1.0
1.0
1.0
1.0
1.0
1.0
1.0
1.0
1.0
1.0
1.0
1.0
1.0
1.0
1.0
1.0
1.0
1.0
1.0
1.0
1.0
1.0
1.0
1.0
1.0
1.0
1.0
1.0
1.0
1.0
1.0
1.0
1.0
1.0
1.0
1.0
1.0
1.0
1.0
1.0
1.0
1.0
1.0
1.0
1.0
1.0
1.0
1.0
1.0
1.0
1.0
1.0
1.0
1.0
1.0
1.0
1.0
1.0
1.0
1.0
1.0
1.0
1.0
1.0
1.0
1.0
1.0
1.0
1.0
1.0
1.0
1.0
1.0
1.0
1.0
1.0
1.0
1.0
1.0
1.0
1.0
1.0
1.0
1.0
1.0
1.0
1.0
1.0
1.0
1.0
1.0
1.0
1.0
1.0
1.0
1.0
1.0
1.0
1.0
1.0
1.0
1.0
1.0
1.0
1.0
1.0
1.0
1.0
1.0
1.0
1.0
1.0
1.0
1.0
1.0
1.0
1.0
1.0
1.0
1.0
1.0
1.0
1.0
1.0
1.0
1.0
1.0
1.0
1.0
1.0
1.0
1.0
1.0
1.0
1.0
1.0
1.0
1.0
1.0
1.0
1.0
1.0
1.0
1.0
1.0
1.0
1.0
1.0
1.0
1.0
1.0
1.0
1.0
1.0
1.0
1.0
1.0
1.0
1.0
1.0
1.0
1.0
1.0
1.0
1.0
1.0
1.0
1.0
1.0
1.0
1.0
1.0
1.0
1.0
1.0
1.0
1.0
1.0
1.0
1.0
1.0
1.0
1.0
1.0
1.0
1.0
1.0
1.0
1.0
1.0
1.0
1.0
1.0
1.0
1.0
1.0
1.0
1.0
1.0
1.0
1.0
1.0
1.0
1.0
1.0
1.0
1.0
1.0
1.0
1.0
1.0
1.0
1.0
1.0
1.0
1.0
1.0
1.0
1.0
1.0
1.0
1.0
1.0
1.0
1.0
1.0
1.0
1.0
1.0
1.0
1.0
1.0
1.0
1.0
1.0
1.0
1.0
1.0
1.0
1.0
1.0
1.0
1.0
1.0
1.0
1.0
1.0
1.0
1.0
1.0
1.0
1.0
1.0
1.0
1.0
1.0
1.0
1.0
1.0
1.0
1.0
1.0
1.0
1.0
1.0
1.0
1.0
1.0
1.0
1.0
1.0
1.0
1.0
1.0
1.0
1.0
1.0
1.0
1.0
1.0
1.0
1.0
1.0
1.0
1.0
1.0
1.0
1.0
1.0
1.0
1.0
1.0
1.0
1.0
1.0
1.0
1.0
1.0
1.0
1.0
1.0
1.0
1.0
1.0
1.0
1.0
1.0
1.0
1.0
1.0
1.0
1.0
1.0
1.0
1.0
1.0
1.0
1.0
1.0
1.0
1.0
1.0
1.0
1.0
1.0
1.0
1.0
1.0
1.0
1.0
1.0
1.0
1.0
1.0
1.0
1.0
1.0
1.0
1.0
1.0
1.0
1.0
1.0
1.0
1.0
1.0
1.0
1.0
1.0
1.0
1.0
1.0
1.0
1.0
1.0
1.0
1.0
1.0
1.0
1.0
1.0
1.0
1.0
1.0
1.0
1.0
1.0
1.0
1.0
1.0
1.0
1.0
1.0
1.0
1.0
1.0
1.0
1.0
1.0
1.0
1.0
1.0
1.0
1.0
1.0
1.0
1.0
1.0
1.0
1.0
1.0
1.0
1.0
1.0
1.0
1.0
1.0
1.0
1.0
1.0
1.0
1.0
1.0
1.0
1.0
1.0
1.0
1.0
1.0
1.0
1.0
1.0
1.0
1.0
1.0
1.0
1.0
1.0
1.0
1.0
1.0
1.0
1.0
1.0
1.0
1.0
1.0
1.0
1.0
1.0
1.0
1.0
1.0
1.0
1.0
1.0
1.0
1.0
1.0
1.0
1.0
1.0
1.0
1.0
1.0
1.0
1.0
1.0
1.0
1.0
1.0
1.0
1.0
1.0
1.0
1.0
1.0
1.0
1.0
1.0
1.0
1.0
1.0
1.0
1.0
1.0
1.0
1.0
1.0
1.0
1.0
1.0
1.0
1.0
1.0
1.0
1.0
1.0
1.0
1.0
1.0
1.0
1.0
1.0
1.0
1.0
1.0
1.0
1.0
1.0
1.0
1.0
1.0
1.0
1.0
1.0
1.0
1.0
1.0
1.0
1.0
1.0
1.0
1.0
1.0
1.0
1.0
1.0
1.0
1.0
1.0
1.0
1.0
1.0
1.0
1.0
1.0
1.0
1.0
1.0
1.0
1.0
1.0
1.0
1.0
1.0
1.0
1.0
1.0
1.0
1.0
1.0
1.0
1.0
1.0
1.0
1.0
1.0
1.0
1.0
1.0
1.0
1.0
1.0
1.0
1.0
1.0
1.0
1.0
1.0
1.0
1.0
1.0
1.0
1.0
1.0
1.0
1.0
1.0
1.0
1.0
1.0
1.0
1.0
1.0
1.0
1.0
1.0
1.0
1.0
1.0
1.0
1.0
1.0
1.0
1.0
1.0
1.0
1.0
1.0
1.0
1.0
1.0
1.0
1.0
1.0
1.0
1.0
1.0
1.0
1.0
1.0
1.0
1.0
1.0
1.0
1.0
1.0
1.0
1.0
1.0
1.0
1.0
1.0
1.0
1.0
1.0
1.0
1.0
1.0
1.0
1.0
1.0
1.0
1.0
1.0
1.0
1.0
1.0
1.0
1.0
1.0
1.0
1.0
1.0
1.0
1.0
1.0
1.0
1.0
1.0
1.0
1.0
1.0
1.0
1.0
1.0
1.0
1.0
1.0
1.0
1.0
1.0
1.0
1.0
1.0
1.0
1.0
1.0
1.0
1.0
1.0
1.0
1.0
1.0
1.0
1.0
1.0
1.0
1.0
1.0
1.0
1.0
1.0
1.0
1.0
1.0
1.0
1.0
1.0
1.0
1.0
1.0
1.0
1.0
1.0
1.0
1.0
1.0
1.0
1.0
1.0
1.0
1.0
1.0
1.0
1.0
1.0
1.0
1.0
1.0
1.0
1.0
1.0
1.0
1.0
1.0
1.0
1.0
1.0
1.0
1.0
1.0
1.0
1.0
1.0
1.0
1.0
1.0
1.0
1.0
1.0
1.0
1.0
1.0
1.0
1.0
1.0
1.0
1.0
1.0
1.0
1.0
1.0
1.0
1.0
1.0
1.0
1.0
1.0
1.0
1.0
1.0
1.0
1.0
1.0
1.0
1.0
1.0
1.0
1.0
1.0
1.0
1.0
1.0
1.0
1.0
1.0
1.0
1.0
1.0
1.0
1.0
1.0
1.0
1.0
1.0
1.0
1.0
1.0
1.0
1.0
1.0
1.0
1.0
1.0
1.0
1.0
1.0
1.0
1.0
1.0
1.0
1.0
1.0
1.0
1.0
1.0
1.0
1.0
1.0
1.0
1.0
1.0
1.0
1.0
1.0
1.0
1.0
1.0
1.0
1.0
1.0
1.0
1.0
1.0
1.0
1.0
1.0
1.0
1.0
1.0
1.0
1.0
1.0
1.0
1.0
1.0
1.0
1.0
1.0
1.0
1.0
1.0
1.0
1.0
1.0
1.0
1.0
1.0
1.0
1.0
1.0
1.0
1.0
1.0
1.0
1.0
1.0
1.0
1.0
1.0
1.0
1.0
1.0
1.0
1.0
1.0
1.0
1.0
1.0
1.0
1.0
1.0
1.0
1.0
1.0
1.0
1.0
1.0
1.0
1.0
1.0
1.0
1.0
1.0
1.0
1.0
1.0
1.0
1.0
1.0
1.0
1.0
1.0
1.0
1.0
1.0
1.0
1.0
1.0
1.0
1.0
1.0
1.0
1.0
1.0
1.0
1.0
1.0
1.0
1.0
1.0
1.0
1.0
1.0
1.0
1.0
1.0
1.0
1.0
1.0
1.0
1.0
1.0
1.0
1.0
1.0
1.0
1.0
1.0
1.0
1.0
1.0
1.0
1.0
1.0
1.0
1.0
1.0
1.0
1.0
1.0
1.0
1.0
1.0
1.0
1.0
1.0
1.0
1.0
1.0
1.0
1.0
1.0
1.0
1.0
1.0
1.0
1.0
1.0
1.0
1.0
1.0
1.0
1.0
1.0
1.0
1.0
1.0
1.0
1.0
1.0
1.0
1.0
1.0
1.0
1.0
1.0
1.0
1.0
1.0
1.0
1.0
1.0
1.0
1.0
1.0
1.0
1.0
1.0
1.0
1.0
1.0
1.0
1.0
1.0
1.0
1.0
1.0
1.0
1.0
1.0
1.0
1.0
1.0
1.0
1.0
1.0
1.0
1.0
1.0
1.0
1.0
1.0
1.0
1.0
1.0
1.0
1.0
1.0
1.0
1.0
1.0
1.0
1.0
1.0
1.0
1.0
1.0
1.0
1.0
1.0
1.0
1.0
1.0
1.0
1.0
1.0
1.0
1.0
1.0
1.0
1.0
1.0
1.0
1.0
1.0
1.0
1.0
1.0
1.0
1.0
1.0
1.0
1.0
1.0
1.0
1.0
1.0
1.0
1.0
1.0
1.0
1.0
1.0
1.0
1.0
1.0
1.0
1.0
1.0
1.0
1.0
1.0
1.0
1.0
1.0
1.0
1.0
1.0
1.0
1.0
1.0
1.0
1.0
1.0
1.0
1.0
1.0
1.0
1.0
1.0
1.0
1.0
1.0
1.0
1.0
1.0
1.0
1.0
1.0
1.0
1.0
1.0
1.0
1.0
1.0
1.0
1.0
1.0
1.0
1.0
1.0
1.0
1.0
1.0
1.0
1.0
1.0
1.0
1.0
1.0
1.0
1.0
1.0
1.0
1.0
1.0
1.0
1.0
1.0
1.0
1.0
1.0
1.0
1.0
1.0
1.0
1.0
1.0
1.0
1.0
1.0
1.0
1.0
1.0
1.0
1.0
1.0
1.0
1.0
1.0
1.0
1.0
1.0
1.0
1.0
1.0
1.0
1.0
1.0
1.0
1.0
1.0
1.0
1.0
1.0
1.0
1.0
1.0
1.0
1.0
1.0
1.0
1.0
1.0
1.0
1.0
1.0
1.0
1.0
1.0
1.0
1.0
1.0
1.0
1.0
1.0
1.0
1.0
1.0
1.0
1.0
1.0
1.0
1.0
1.0
1.0
1.0
1.0
1.0
1.0
1.0
1.0
1.0
1.0
1.0
1.0
1.0
1.0
1.0
1.0
1.0
1.0
1.0
1.0
1.0
1.0
1.0
1.0
1.0
1.0
1.0
1.0
1.0
1.0
1.0
1.0
1.0
1.0
1.0
1.0
1.0
1.0
1.0
1.0
1.0
1.0
1.0
1.0
1.0
1.0
1.0
1.0
1.0
1.0
1.0
1.0
1.0
1.0
1.0
1.0
1.0
1.0
1.0
1.0
1.0
1.0
1.0
1.0
1.0
1.0
1.0
1.0
1.0
1.0
1.0
1.0
1.0
1.0
1.0
1.0
1.0
1.0
1.0
1.0
1.0
1.0
1.0
1.0
1.0
1.0
1.0
1.0
1.0
1.0
1.0
1.0
1.0
1.0
1.0
1.0
1.0
1.0
1.0
1.0
1.0
1.0
1.0
1.0
1.0
1.0
1.0
1.0
1.0
1.0
1.0
1.0
1.0
1.0
1.0
1.0
1.0
1.0
1.0
1.0
1.0
1.0
1.0
1.0
1.0
1.0
1.0
1.0
1.0
1.0
1.0
1.0
1.0
1.0
1.0
1.0
1.0
1.0
1.0
1.0
1.0
1.0
1.0
1.0
1.0
1.0
1.0
1.0
1.0
1.0
1.0
1.0
1.0
1.0
1.0
1.0
1.0
1.0
1.0
1.0
1.0
1.0
1.0
1.0
1.0
1.0
1.0
1.0
1.0
1.0
1.0
1.0
1.0
1.0
1.0
1.0
1.0
1.0
1.0
1.0
1.0
1.0
1.0
1.0
1.0
1.0
1.0
1.0
1.0
1.0
1.0
1.0
1.0
1.0
1.0
1.0
1.0
1.0
1.0
1.0
1.0
1.0
1.0
1.0
1.0
1.0
1.0
1.0
1.0
1.0
1.0
1.0
1.0
1.0
1.0
1.0
1.0
1.0
1.0
1.0
1.0
1.0
1.0
1.0
1.0
1.0
1.0
1.0
1.0
1.0
1.0
1.0
1.0
1.0
1.0
1.0
1.0
1.0
1.0
1.0
1.0
1.0
1.0
1.0
1.0
1.0
1.0
1.0
1.0
1.0
1.0
1.0
1.0
1.0
1.0
1.0
1.0
1.0
1.0
1.0
1.0
1.0
1.0
1.0
1.0
1.0
1.0
1.0
1.0
1.0
1.0
1.0
1.0
1.0
1.0
1.0
1.0
1.0
1.0
1.0
1.0
1.0
1.0
1.0
1.0
1.0
1.0
1.0
1.0
1.0
1.0
1.0
1.0
1.0
1.0
1.0
1.0
1.0
1.0
1.0
1.0
1.0
1.0
1.0
1.0
1.0
1.0
1.0
1.0
1.0
1.0
1.0
1.0
1.0
1.0
1.0
1.0
1.0
1.0
1.0
1.0
1.0
1.0
1.0
1.0
1.0
1.0
1.0
1.0
1.0
1.0
1.0
1.0
1.0
1.0
1.0
1.0
1.0
1.0
1.0
1.0
1.0
1.0
1.0
1.0
1.0
1.0
1.0
1.0
1.0
1.0
1.0
1.0
1.0
1.0
1.0
1.0
1.0
1.0
1.0
1.0
1.0
1.0
1.0
1.0
1.0
1.0
1.0
1.0
1.0
1.0
1.0
1.0
1.0
1.0
1.0
1.0
1.0
1.0
1.0
1.0
1.0
1.0
1.0
1.0
1.0
1.0
1.0
1.0
1.0
1.0
1.0
1.0
1.0
1.0
1.0
1.0
1.0
1.0
1.0
1.0
1.0
1.0
1.0
1.0
1.0
1.0
1.0
1.0
1.0
1.0
1.0
1.0
1.0
1.0
1.0
1.0
1.0
1.0
1.0
1.0
1.0
1.0
1.0
1.0
1.0
1.0
1.0
1.0
1.0
1.0
1.0
1.0
1.0
1.0
1.0
1.0
1.0
1.0
1.0
1.0
1.0
1.0
1.0
1.0
1.0
1.0
1.0
1.0
1.0
1.0
1.0
1.0
1.0
1.0
1.0
1.0
1.0
1.0
1.0
1.0
1.0
1.0
1.0
1.0
1.0
1.0
1.0
1.0
1.0
1.0
1.0
1.0
1.0
1.0
1.0
1.0
1.0
1.0
1.0
1.0
1.0
1.0
1.0
1.0
1.0
1.0
1.0
1.0
1.0
1.0
1.0
1.0
1.0
1.0
1.0
1.0
1.0
1.0
1.0
1.0
1.0
1.0
1.0
1.0
1.0
1.0
1.0
1.0
1.0
1.0
1.0
1.0
1.0
1.0
1.0
1.0
1.0
1.0
1.0
1.0
1.0
1.0
1.0
1.0
1.0
1.0
1.0
1.0
1.0
1.0
1.0
1.0
1.0
1.0
1.0
1.0
1.0
1.0
1.0
1.0
1.0
1.0
1.0
1.0
1.0
1.0
1.0
1.0
1.0
1.0
1.0
1.0
1.0
1.0
1.0
1.0
1.0
1.0
1.0
1.0
1.0
1.0
1.0
1.0
1.0
1.0
1.0
1.0
1.0
1.0
1.0
1.0
1.0
1.0
1.0
1.0
1.0
1.0
1.0
1.0
1.0
1.0
1.0
1.0
1.0
1.0
1.0
1.0
1.0
1.0
1.0
1.0
1.0
1.0
1.0
1.0
1.0
1.0
1.0
1.0
1.0
1.0
1.0
1.0
1.0
1.0
1.0
1.0
1.0
1.0
1.0
1.0
1.0
1.0
1.0
1.0
1.0
1.0
1.0
1.0
1.0
1.0
1.0
1.0
1.0
1.0
1.0
1.0
1.0
1.0
1.0
1.0
1.0
1.0
1.0
1.0
1.0
1.0
1.0
1.0
1.0
1.0
1.0
1.0
1.0
1.0
1.0
1.0
1.0
1.0
1.0
1.0
1.0
1.0
1.0
1.0
1.0
1.0
1.0
1.0
1.0
1.0
1.0
1.0
1.0
1.0
1.0
1.0
1.0
1.0
1.0
1.0
1.0
1.0
1.0
1.0
1.0
1.0
1.0
1.0
1.0
1.0
1.0
1.0
1.0
1.0
1.0
1.0
1.0
1.0
1.0
1.0
1.0
1.0
1.0
1.0
1.0
1.0
1.0
1.0
1.0
1.0
1.0
1.0
1.0
1.0
1.0
1.0
1.0
1.0
1.0
1.0
1.0
1.0
1.0
1.0
1.0
1.0
1.0
1.0
1.0
1.0
1.0
1.0
1.0
1.0
1.0
1.0
1.0
1.0
1.0
1.0
1.0
1.0
1.0
1.0
1.0
1.0
1.0
1.0
1.0
1.0
1.0
1.0
1.0
1.0
1.0
1.0
1.0
1.0
1.0
1.0
1.0
1.0
1.0
1.0
1.0
1.0
1.0
1.0
1.0
1.0
1.0
1.0
1.0
1.0
1.0
1.0
1.0
1.0
1.0
1.0
1.0
1.0
1.0
1.0
1.0
1.0
1.0
1.0
1.0
1.0
1.0
1.0
1.0
1.0
1.0
1.0
1.0
1.0
1.0
1.0
1.0
1.0
1.0
1.0
1.0
1.0
1.0
1.0
1.0
1.0
1.0
1.0
1.0
1.0
1.0
1.0
1.0
1.0
1.0
1.0
1.0
1.0
1.0
1.0
1.0
1.0
1.0
1.0
1.0
1.0
1.0
1.0
1.0
1.0
1.0
1.0
1.0
1.0
1.0
1.0
1.0
1.0
1.0
1.0
1.0
1.0
1.0
1.0
1.0
1.0
1.0
1.0
1.0
1.0
1.0
1.0
1.0
1.0
1.0
1.0
1.0
1.0
1.0
1.0
1.0
1.0
1.0
1.0
1.0
1.0
1.0
1.0
1.0
1.0
1.0
1.0
1.0
1.0
1.0
1.0
1.0
1.0
1.0
1.0
1.0
1.0
1.0
1.0
1.0
1.0
1.0
1.0
1.0
1.0
1.0
1.0
1.0
1.0
1.0
1.0
1.0
1.0
1.0
1.0
1.0
1.0
1.0
1.0
1.0
1.0
1.0
1.0
1.0
1.0
1.0
1.0
1.0
1.0
1.0
1.0
1.0
1.0
1.0
1.0
1.0
1.0
1.0
1.0
1.0
1.0
1.0
1.0
1.0
1.0
1.0
1.0
1.0
1.0
1.0
1.0
1.0
1.0
1.0
1.0
1.0
1.0
1.0
1.0
1.0
1.0
1.0
1.0
1.0
1.0
1.0
1.0
1.0
1.0
1.0
1.0
1.0
1.0
1.0
1.0
1.0
1.0
1.0
1.0
1.0
1.0
1.0
1.0
1.0
1.0
1.0
1.0
1.0
1.0
1.0
1.0
1.0
1.0
1.0
1.0
1.0
1.0
1.0
1.0
1.0
1.0
1.0
1.0
1.0
1.0
1.0
1.0
1.0
1.0
1.0
1.0
1.0
1.0
1.0
1.0
1.0
1.0
1.0
1.0
1.0
1.0
1.0
1.0
1.0
1.0
1.0
1.0
1.0
1.0
1.0
1.0
1.0
1.0
1.0
1.0
1.0
1.0
1.0
1.0
1.0
1.0
1.0
1.0
1.0
1.0
1.0
1.0
1.0
1.0
1.0
1.0
1.0
1.0
1.0
1.0
1.0
1.0
1.0
1.0
1.0
1.0
1.0
1.0
1.0
1.0
1.0
1.0
1.0
1.0
1.0
1.0
1.0
1.0
1.0
1.0
1.0
1.0
1.0
1.0
1.0
1.0
1.0
1.0
1.0
1.0
1.0
1.0
1.0
1.0
1.0
1.0
1.0
1.0
1.0
1.0
1.0
1.0
1.0
1.0
1.0
1.0
1.0
1.0
1.0
1.0
1.0
1.0
1.0
1.0
1.0
1.0
1.0
1.0
1.0
1.0
1.0
1.0
1.0
1.0
1.0
1.0
1.0
1.0
1.0
1.0
1.0
1.0
1.0
1.0
1.0
1.0
1.0
1.0
1.0
1.0
1.0
1.0
1.0
1.0
1.0
1.0
1.0
1.0
1.0
1.0
1.0
1.0
1.0
1.0
1.0
1.0
1.0
1.0
1.0
