5.098337659166507e-13
5.134497970023244e-13
5.298098656840444e-13
1.7913387787005242e-12
1.767620229874145e-12
1.7952413644203857e-12
1.7965742825712394e-12
1.821380069336187e-12
4.676235527273365e-12
3.3572949975635424e-10
3.357295830230811e-10
3.357697453409969e-10
2.962203538015018e-10
3.357354672051116e-10
3.357413236315665e-10
3.357590594443849e-10
3.358007760745352e-10
3.359607869679593e-10
3.389038771839381e-10
9.30036325730299e-10
9.300502590292581e-10
1.2029537088675823e-10
3.350305588512015e-10
2.0872831241192102e-10
3.271952708772119e-10
3.271746762401051e-10
3.2663097226937055e-10
2.862652892510198e-10
3.468610121348803e-10
3.468656195604325e-10
3.4987163166633195e-10
7.093710507888318e-09
7.877398289224402e-09
7.877398289224402e-09
7.877398289224402e-09
7.864427331583101e-09
7.57574092347113e-09
9.612173279549552e-09
3.152101912817784e-09
3.53350926296514e-09
3.30540350645947e-09
2.5756896615547475e-09
3.342995436028673e-09
3.343110455134024e-09
3.343110455134024e-09
3.3432123736076846e-09
3.2889639900446355e-09
3.4691174377599054e-09
3.416552374346793e-09
3.3459044423977957e-09
3.343187060522723e-09
3.343110455134024e-09
3.343110455134024e-09
3.343110455134024e-09
3.3431295509700476e-09
3.3442135727312916e-09
3.4955460748165024e-09
3.343110455134024e-09
3.343110455134024e-09
3.343110455134024e-09
3.343110455134024e-09
3.343110455134024e-09
3.343110455134024e-09
3.343110455134024e-09
3.343110455134024e-09
3.3431357682189855e-09
4.629143290912907e-09
3.3433078527878024e-09
3.3431675205974898e-09
3.709169416055147e-09
4.8576267452915545e-09
4.870438718995729e-09
5.388968826736118e-09
5.257470458985836e-09
5.257470458985836e-09
5.257470458985836e-09
5.257480673037662e-09
5.2538218220377075e-09
3.052776920142719e-09
5.257470458985836e-09
5.257470458985836e-09
5.257470458985836e-09
5.257470458985836e-09
5.257470458985836e-09
5.257470458985836e-09
5.257470458985836e-09
5.257470458985836e-09
5.257470458985836e-09
5.257490443000279e-09
5.258713908773416e-09
5.3546247436031535e-09
5.323635754450606e-09
2.9154150205101814e-09
3.126680470089127e-09
3.1621856244612445e-09
3.1621796292569115e-09
3.1621736340525786e-09
3.1621856244612445e-09
3.1623663687696535e-09
3.189139397008489e-09
3.163416195661739e-09
3.1591531612917834e-09
2.347325001039735e-09
2.3474637789178132e-09
6.40507780147459e-09
2.3473474275448325e-09
2.3473205601476366e-09
2.3473205601476366e-09
2.3473205601476366e-09
2.3474324706285188e-09
2.4405524268189538e-09
2.3473205601476366e-09
2.3473205601476366e-09
2.347325001039735e-09
2.3423829542679186e-09
5.795073865222378e-10
5.802295865997564e-10
5.802295865997564e-10
5.802295865997564e-10
5.802328617576791e-10
5.802306968227811e-10
5.80150982809613e-10
5.806214953274491e-10
5.351456500157781e-10
5.351446508150559e-10
5.351446508150559e-10
5.351364906758249e-10
6.651325046291845e-10
5.351446508150559e-10
5.351446508150559e-10
5.351446508150559e-10
5.351446508150559e-10
5.351446508150559e-10
5.351507570416913e-10
5.351548648668825e-10
5.348242404501491e-10
5.371141309495897e-10
5.351610266046691e-10
5.351446508150559e-10
5.351446508150559e-10
5.351446508150559e-10
5.351435961031825e-10
3.173883822427115e-09
3.9889305192275515e-09
3.988603225479892e-09
3.9255976247432045e-09
3.988063213000714e-09
3.987918439918303e-09
3.988497088158738e-09
3.988831487333755e-09
3.9890903913430975e-09
4.508400763825193e-09
9.609459006298948e-09
9.60557411389118e-09
9.60240509328969e-09
9.591733629576993e-09
9.467590267320247e-09
9.554812940848478e-09
9.600043426871707e-09
9.608524642601424e-09
9.609238738050863e-09
9.478829277043133e-09
9.611621720750918e-09
9.595539474105408e-09
9.609074425043218e-09
9.749101081979461e-09
7.960172965226775e-09
9.609202322735655e-09
9.608909223857154e-09
9.606508477588704e-09
9.582261206730891e-09
7.349553854396618e-09
9.075399987068522e-09
9.593453142997532e-09
8.955240993202551e-09
9.262607569837655e-09
9.599035344365348e-09
9.60898205448757e-09
9.609238738050863e-09
9.60927515336607e-09
9.590343630350162e-09
1.17649889830318e-10
1.104965424714166e-10
3.152979613507689e-11
1.5607913572690535e-10
1.1510397496250491e-10
1.1510397496250491e-10
1.1510397496250491e-10
1.1510397496250491e-10
1.1508596853282427e-10
1.1265741117760797e-10
1.1507017561029897e-10
1.0954739892987675e-10
4.9448983102662325e-11
4.9448983102662325e-11
4.9448417582809157e-11
4.94483204382945e-11
4.9448417582809157e-11
4.94482267632268e-11
4.946841547504022e-11
3.561622177739032e-11
3.218578181751752e-11
3.219486829908469e-11
3.229252976133523e-11
3.2291790769134465e-11
3.21930260227532e-11
3.2185660386874204e-11
3.2185167725407027e-11
3.2185167725407027e-11
3.2185167725407027e-11
3.2185167725407027e-11
3.2183693210452446e-11
2.3914701816063477e-11
3.2185167725407027e-11
3.2185167725407027e-11
3.2185167725407027e-11
3.2185535486783934e-11
3.2320507381555785e-11
3.246520413613396e-11
3.0569404646518805e-11
3.2182586456874773e-11
3.20254621433147e-11
3.2202976396611405e-11
3.244812057934254e-11
3.218590324816084e-11
3.2185167725407027e-11
3.2185167725407027e-11
3.2185167725407027e-11
3.2185167725407027e-11
3.2185167725407027e-11
3.2185167725407027e-11
3.2185167725407027e-11
3.2185167725407027e-11
3.2185167725407027e-11
3.2185167725407027e-11
3.2168472746674226e-11
1.0191167354456354e-11
3.218345034916581e-11
3.218510527536189e-11
3.2185167725407027e-11
3.2185167725407027e-11
3.2185167725407027e-11
3.2185167725407027e-11
3.2185167725407027e-11
3.2185167725407027e-11
3.2185167725407027e-11
3.2185167725407027e-11
3.2185167725407027e-11
3.2185167725407027e-11
3.2185167725407027e-11
3.2185167725407027e-11
3.2122918908195075e-11
3.9923668537777957e-11
3.9923668537777957e-11
4.05275535353411e-11
3.9923668537777957e-11
3.9923668537777957e-11
3.9923668537777957e-11
3.9923668537777957e-11
3.9923668537777957e-11
3.9923668537777957e-11
3.9923668537777957e-11
3.9923668537777957e-11
3.9923668537777957e-11
3.9923668537777957e-11
3.9923668537777957e-11
3.9923668537777957e-11
3.9923668537777957e-11
3.9923668537777957e-11
3.9923668537777957e-11
3.9923668537777957e-11
3.9921767280848286e-11
2.996860504439307e-14
2.3474435936754467e-11
2.996191687224155e-14
2.944956019497458e-14
1.2469348199383584e-14
4.77558457791924e-19
4.7723068747419985e-19
4.81913977307322e-19
5.896722432706768e-19
4.769722452315653e-19
4.769758641467452e-19
4.769722452315653e-19
4.76934039827023e-19
4.761759804944065e-19
4.737137740035658e-19
4.769613367872373e-19
4.769722452315653e-19
4.225578746947778e-19
6.71285242926397e-19
7.162414235441001e-19
6.709575243074612e-19
6.709371032860888e-19
7.126738452609472e-19
6.709421697673407e-19
6.709421697673407e-19
6.7094728794738085e-19
6.710113427460654e-19
6.743523252401671e-19
1.8390472880368418e-18
6.690917150382713e-19
6.705020579826742e-19
6.708551607066578e-19
6.709268152272202e-19
6.709371032860888e-19
6.709396365267147e-19
6.709421697673407e-19
6.709421697673407e-19
6.709421697673407e-19
6.709421697673407e-19
6.709371032860888e-19
6.771027007769059e-19
1.0316159228012474e-18
1.0316159228012474e-18
1.0316079611878516e-18
1.0315843865403938e-18
1.0312853607489559e-18
8.74112772557755e-19
2.2716814633634343e-19
2.2679927548193306e-19
2.2680793502897073e-19
1.2884984129932387e-18
2.2688062352529883e-19
2.2679927548193306e-19
2.2679927548193306e-19
2.2679927548193306e-19
2.267093195903179e-19
2.037130006277019e-19
2.2679927548193306e-19
2.2679927548193306e-19
2.2679927548193306e-19
2.2679927548193306e-19
2.2679927548193306e-19
2.2679927548193306e-19
2.2679583751251214e-19
2.227037750222123e-19
2.2679927548193306e-19
2.2679927548193306e-19
2.2679927548193306e-19
2.2679927548193306e-19
2.2679927548193306e-19
2.2679927548193306e-19
2.2679927548193306e-19
2.2679927548193306e-19
2.2679927548193306e-19
2.2679927548193306e-19
2.268252282736519e-19
5.714602077240968e-19
4.959348437864606e-19
4.959348437864606e-19
4.959386177980054e-19
4.959462175198832e-19
4.95987783345664e-19
4.960937658616474e-19
4.963815213172393e-19
4.961013138847369e-19
4.959764613110297e-19
4.959423918095502e-19
4.959367049428389e-19
4.959348437864606e-19
4.857418589894877e-19
3.49948141470632e-19
3.49948141470632e-19
3.49948141470632e-19
3.49948141470632e-19
3.49948141470632e-19
3.49948141470632e-19
3.49948141470632e-19
3.499494856391274e-19
3.5003491788676765e-19
3.5588233518508743e-19
3.499467973021366e-19
3.506229399047163e-19
3.49948141470632e-19
3.49948141470632e-19
3.506764481505908e-19
3.769650751981386e-19
3.49948141470632e-19
3.49948141470632e-19
3.49948141470632e-19
3.49948141470632e-19
3.49948141470632e-19
3.49948141470632e-19
3.49948141470632e-19
3.49948141470632e-19
3.49948141470632e-19
3.49948141470632e-19
3.49948141470632e-19
3.49948141470632e-19
3.4994149817633744e-19
3.4957854683318566e-19
3.499467973021366e-19
3.49948141470632e-19
3.5020591162901884e-19
3.4979599193671053e-19
3.4965857655745016e-19
8.977801734319632e-16
3.4994149817633744e-19
3.4947455472055126e-19
3.2647260059001223e-19
3.2846380527018636e-19
3.4953855782044755e-19
3.499401281584479e-19
3.499467973021366e-19
3.4992547155196922e-19
3.496639273820376e-19
3.497573212430737e-19
3.4994149817633744e-19
3.5001359213660026e-19
3.504250627925571e-19
3.536102251387691e-19
3.505520867153723e-19
3.499494856391274e-19
3.499467973021366e-19
3.499441606639341e-19
3.48837909992221e-19
3.4934928855653776e-19
3.498480526165131e-19
3.4909350880149987e-19
3.4831931944693853e-19
3.49948141470632e-19
3.499467973021366e-19
3.499014316154169e-19
3.476741444185413e-19
3.4993880983934664e-19
3.499441606639341e-19
3.499467973021366e-19
3.499467973021366e-19
3.499467973021366e-19
3.49948141470632e-19
3.49948141470632e-19
3.49948141470632e-19
3.499441606639341e-19
3.4993614735175e-19
3.0506607106593485e-19
2.9098282999873085e-19
2.9099394523821203e-19
2.9102501620997106e-19
2.910327968776079e-19
2.910283507818154e-19
2.910472208395393e-19
2.953194536070108e-19
2.910427747437468e-19
2.910427747437468e-19
2.9104499779164304e-19
2.910227931620748e-19
2.90173666413895e-19
2.9100281158040284e-19
2.909928337142639e-19
2.9104499779164304e-19
2.910427747437468e-19
2.910427747437468e-19
2.910427747437468e-19
2.9104499779164304e-19
2.9107942918464056e-19
2.9401442109434356e-19
2.9104499779164304e-19
2.910427747437468e-19
2.9104499779164304e-19
2.9101614986778025e-19
2.906722236787172e-19
2.910427747437468e-19
2.9104499779164304e-19
2.9177870699497758e-19
2.9126825900884993e-19
2.9072319868396577e-19
2.910461351649853e-19
2.9177423504979096e-19
2.910427747437468e-19
2.9104499779164304e-19
2.911938386031143e-19
2.910427747437468e-19
2.9104499779164304e-19
2.9104499779164304e-19
2.9105277845927987e-19
2.912260469482156e-19
2.912249095748733e-19
2.910461351649853e-19
2.9104499779164304e-19
2.9099616828610827e-19
2.910427747437468e-19
2.9100281158040284e-19
2.9104499779164304e-19
2.9104499779164304e-19
2.9102946230576353e-19
2.9100392310435095e-19
2.9104499779164304e-19
2.910427747437468e-19
2.910405775452447e-19
2.910427747437468e-19
2.910427747437468e-19
2.910427747437468e-19
2.910427747437468e-19
2.910427747437468e-19
2.910427747437468e-19
2.8669020205928106e-19
2.9103832864795433e-19
2.9103832864795433e-19
2.910427747437468e-19
2.910427747437468e-19
2.910427747437468e-19
2.910427747437468e-19
2.910427747437468e-19
2.910427747437468e-19
2.910427747437468e-19
2.9104499779164304e-19
2.91033908401556e-19
2.910427747437468e-19
2.910427747437468e-19
2.9104499779164304e-19
2.9103832864795433e-19
2.9084412214976337e-19
2.9104499779164304e-19
2.910494438874355e-19
2.9105944760296858e-19
2.910483323634874e-19
2.9093177744529984e-19
2.9104499779164304e-19
2.9104499779164304e-19
2.9104499779164304e-19
2.9104499779164304e-19
2.9104499779164304e-19
2.9104499779164304e-19
2.9104499779164304e-19
2.9104499779164304e-19
2.910427747437468e-19
2.910427747437468e-19
2.910427747437468e-19
2.910427747437468e-19
2.91064979373315e-19
2.910427747437468e-19
2.910427747437468e-19
2.910427747437468e-19
2.910427747437468e-19
2.910427747437468e-19
2.910427747437468e-19
2.910427747437468e-19
2.910427747437468e-19
2.4524532559368315e-19
2.30752552575083e-19
2.6402475534168626e-19
2.6402475534168626e-19
2.6402475534168626e-19
2.6402475534168626e-19
2.6402475534168626e-19
2.6402475534168626e-19
2.6402475534168626e-19
2.6402475534168626e-19
2.640237472153147e-19
2.637046622940224e-19
1.4791024620683533e-19
2.6402475534168626e-19
2.6402475534168626e-19
2.6402475534168626e-19
2.6402475534168626e-19
2.6402475534168626e-19
2.6402475534168626e-19
2.6402475534168626e-19
2.6402475534168626e-19
2.6402475534168626e-19
2.640610220416679e-19
1.3958753900532372e-17
2.6402475534168626e-19
2.6402475534168626e-19
2.6402475534168626e-19
2.6402475534168626e-19
2.6402475534168626e-19
2.6402273908894316e-19
2.639804494801264e-19
2.6138315405549816e-19
3.8400138368124434e-19
2.1359854565544365e-19
1.4384443500612114e-25
1.44674304352462e-25
1.4467484669433434e-25
1.4467484669433434e-25
1.4467484669433434e-25
1.4467484669433434e-25
1.4434409210791715e-25
6.456079633601548e-27
6.466061728503307e-27
6.466061728503307e-27
6.466061728503307e-27
4.980219872732177e-27
1.2083689879338811e-27
1.2083643657020146e-27
1.2079956464141617e-27
1.1947102927682868e-27
1.2083689879338811e-27
1.2082629654904426e-27
1.0226931634834187e-27
1.2083689879338811e-27
1.2083689879338811e-27
1.2083689879338811e-27
1.2083689879338811e-27
1.2083689879338811e-27
1.2083689879338811e-27
1.2083689879338811e-27
1.20956344968539e-27
3.740827716364614e-27
3.872360642660496e-27
3.872360642660496e-27
3.872360642660496e-27
3.872301324018209e-27
3.557088946029898e-25
7.742266479606437e-25
1.956790971860387e-24
5.247980495415895e-25
7.660448291707242e-25
7.390230891156705e-25
3.137946686006245e-25
2.881101710394369e-25
2.8826848556235342e-25
2.8826848556235342e-25
2.8826848556235342e-25
2.8826848556235342e-25
2.8826848556235342e-25
2.8826848556235342e-25
2.8826848556235342e-25
2.8309217751751945e-25
6.231278160226358e-24
6.202416106287037e-24
5.998988205922716e-24
6.197969691794759e-24
6.198088020930542e-24
6.198064355103385e-24
6.198206350066325e-24
6.1981826842391685e-24
6.198111292327246e-24
6.198111292327246e-24
6.198064355103385e-24
6.197946025967602e-24
6.1979223601404456e-24
2.5681333242881567e-24
6.199033865155902e-24
6.427363343284882e-24
6.209613278755821e-24
6.198088020930542e-24
6.197757093780802e-24
6.1977807596079584e-24
6.1977807596079584e-24
6.1977807596079584e-24
6.1977807596079584e-24
6.1977807596079584e-24
6.1977807596079584e-24
6.1977807596079584e-24
6.1977807596079584e-24
6.1977807596079584e-24
6.196881852606459e-24
5.708987948806273e-24
5.686879530291775e-25
5.686879530291775e-25
5.686879530291775e-25
5.686879530291775e-25
5.686879530291775e-25
5.686879530291775e-25
5.686879530291775e-25
5.686879530291775e-25
5.686879530291775e-25
5.686879530291775e-25
2.4007960075529233e-24
5.686879530291775e-25
5.686879530291775e-25
5.686879530291775e-25
5.686879530291775e-25
5.686879530291775e-25
5.686879530291775e-25
5.687486953188795e-25
6.228803306351454e-25
6.302707247219018e-25
5.690286423326198e-25
4.482093684945248e-25
3.456788240159441e-25
3.456788240159441e-25
3.4568013056681836e-25
3.4554171012985536e-25
3.375011960495836e-25
8.048133983578108e-25
1.3482202822231114e-24
1.1324950264225263e-24
1.4110966378889784e-24
1.3171243714154306e-24
1.0032966692644e-24
1.1455255294625801e-24
1.3631658437182024e-24
1.3639461257610791e-24
1.3639564795604601e-24
1.397340875854187e-24
1.3639461257610791e-24
1.3639461257610791e-24
1.363857576124468e-24
1.172122862350625e-24
1.5286198536498338e-24
1.3639461257610791e-24
1.3639461257610791e-24
1.3639461257610791e-24
1.3639461257610791e-24
1.3639461257610791e-24
1.3639461257610791e-24
1.3639461257610791e-24
1.3639461257610791e-24
1.3639461257610791e-24
1.3639461257610791e-24
1.3640085443802047e-24
1.4942920783210757e-24
1.3639461257610791e-24
1.3639461257610791e-24
1.3639461257610791e-24
1.3639461257610791e-24
1.3639461257610791e-24
1.3639252209470908e-24
1.3595099664605688e-24
1.5680010719374377e-24
1.3639461257610791e-24
1.3639461257610791e-24
1.3639461257610791e-24
1.3639461257610791e-24
1.3639461257610791e-24
1.3639461257610791e-24
1.3639461257610791e-24
1.3639461257610791e-24
1.3639461257610791e-24
1.3639461257610791e-24
1.3639461257610791e-24
1.3628538492301875e-24
1.346123489937034e-24
1.3342626704041966e-24
1.3639461257610791e-24
1.3639461257610791e-24
1.3639461257610791e-24
1.3639461257610791e-24
1.3639461257610791e-24
1.3639461257610791e-24
1.3639461257610791e-24
1.3639461257610791e-24
1.3639461257610791e-24
1.3639461257610791e-24
1.3639461257610791e-24
1.3639461257610791e-24
1.3639461257610791e-24
1.363940899557582e-24
1.3627395630065436e-24
9.450697611662924e-25
9.450697611662924e-25
9.45073409647979e-25
2.139230847989e-19
9.45073409647979e-25
9.450697611662924e-25
9.45073409647979e-25
9.45073409647979e-25
9.45073409647979e-25
9.45073409647979e-25
9.45073409647979e-25
9.45073409647979e-25
9.45073409647979e-25
9.45073409647979e-25
9.45073409647979e-25
9.45073409647979e-25
9.450697611662924e-25
9.552438974761541e-25
6.60725045094605e-24
6.6124443111460254e-24
6.184696712633963e-24
5.483017559214356e-24
4.853275815033212e-24
4.8350740329365946e-24
2.199121597069489e-25
6.915303839182283e-26
8.321299258723843e-26
6.915277338386248e-26
6.915277338386248e-26
6.915383341570387e-26
1.9805282402327465e-25
2.579354032500214e-25
2.579354032500214e-25
2.579354032500214e-25
2.579354032500214e-25
2.579354032500214e-25
2.579354032500214e-25
1.024272086303774e-24
2.579363646742496e-25
2.5794129505490725e-25
2.5876225273820945e-25
2.6086436983539714e-25
2.5793735075038115e-25
2.579354032500214e-25
2.579354032500214e-25
2.579354032500214e-25
2.579354032500214e-25
2.5778293122818414e-25
2.3755959445432512e-25
2.579354032500214e-25
2.579354032500214e-25
2.579354032500214e-25
2.579354032500214e-25
2.579354032500214e-25
2.579354032500214e-25
2.579354032500214e-25
2.579354032500214e-25
2.5789112843171585e-25
6.957747021073502e-26
2.579354032500214e-25
2.579354032500214e-25
2.579354032500214e-25
2.579354032500214e-25
2.579354032500214e-25
4.398857519568919e-25
2.579354032500214e-25
2.579354032500214e-25
2.579354032500214e-25
2.579354032500214e-25
2.579354032500214e-25
2.579354032500214e-25
2.579354032500214e-25
2.579354032500214e-25
2.579354032500214e-25
2.579354032500214e-25
2.579354032500214e-25
2.579354032500214e-25
2.579354032500214e-25
2.718195277452342e-25
2.579354032500214e-25
2.579354032500214e-25
2.579354032500214e-25
2.579354032500214e-25
2.5796296407789754e-25
2.606077681740707e-25
2.5814013730682952e-25
2.5793735075038115e-25
2.579354032500214e-25
2.579354032500214e-25
2.579354032500214e-25
2.579354032500214e-25
2.579354032500214e-25
2.579354032500214e-25
2.579354032500214e-25
2.579324450216268e-25
1.355485518596874e-25
5.123597936868917e-24
5.123597936868917e-24
5.123597936868917e-24
5.123597936868917e-24
5.123597936868917e-24
5.123597936868917e-24
5.123597936868917e-24
5.123597936868917e-24
5.123597936868917e-24
5.123597936868917e-24
5.123597936868917e-24
5.122191003444455e-24
6.91180361404201e-24
5.448759302252871e-24
5.123578609776739e-24
5.123597936868917e-24
5.123597936868917e-24
5.123597936868917e-24
5.123597936868917e-24
5.123597936868917e-24
5.123597936868917e-24
5.123597936868917e-24
5.123851950080398e-24
5.12862376969608e-24
5.1237935743734115e-24
5.123597936868917e-24
5.123597936868917e-24
5.123597936868917e-24
5.123597936868917e-24
5.123597936868917e-24
5.123597936868917e-24
5.123597936868917e-24
5.123617658391547e-24
5.12443846816343e-24
5.132616194737403e-24
5.123597936868917e-24
5.123597936868917e-24
5.128604048173449e-24
5.123597936868917e-24
5.123597936868917e-24
5.123597936868917e-24
5.123597936868917e-24
5.123597936868917e-24
5.123597936868917e-24
5.123578609776739e-24
5.123597936868917e-24
5.123558888254108e-24
5.12414540633714e-24
5.124282273704196e-24
5.184685747647421e-24
5.123597936868917e-24
5.124849070264597e-24
5.153628688239323e-24
5.1250443133386394e-24
5.110382938984654e-24
4.4621530561982974e-24
4.4621873716476746e-24
4.4621873716476746e-24
4.4621873716476746e-24
4.4621873716476746e-24
4.368358677858877e-24
4.4621873716476746e-24
4.4621873716476746e-24
4.4621873716476746e-24
4.4621530561982974e-24
4.4620852141604484e-24
4.462016977692147e-24
4.4617105052304685e-24
4.461642268762167e-24
4.461983056673222e-24
4.4621530561982974e-24
4.4621873716476746e-24
4.4621873716476746e-24
4.4621873716476746e-24
4.462221292666599e-24
4.464315323939508e-24
4.462204332157137e-24
4.462238253176061e-24
4.462646883124966e-24
4.4621873716476746e-24
4.4621873716476746e-24
4.4621873716476746e-24
4.462221292666599e-24
4.630427342473707e-24
4.4621873716476746e-24
4.4621873716476746e-24
4.4621873716476746e-24
4.4621530561982974e-24
4.462221292666599e-24
4.463038552564408e-24
4.878724862266094e-24
1.1074098807252223e-23
1.0720576314603763e-23
9.64493528248142e-24
1.1122318718944763e-23
1.1122318718944763e-23
1.1122318718944763e-23
1.1122318718944763e-23
1.1122318718944763e-23
1.1122318718944763e-23
1.1122192501199927e-23
1.1120875892349114e-23
1.1108071890996471e-23
1.1122446514411409e-23
1.1610470580260956e-23
1.1122064705733282e-23
1.111977385366452e-23
1.1093675179476188e-23
1.1094225015527127e-23
1.1120664477626514e-23
1.1122192501199927e-23
1.1122318718944763e-23
1.1122318718944763e-23
1.1122318718944763e-23
1.1122318718944763e-23
1.1122318718944763e-23
1.1122318718944763e-23
1.1122318718944763e-23
1.1122318718944763e-23
1.1122318718944763e-23
1.1122318718944763e-23
1.1122318718944763e-23
1.1122318718944763e-23
3.4241371393809234e-24
3.1107150103427895e-24
3.1107150103427895e-24
3.1107150103427895e-24
3.1107150103427895e-24
3.1107150103427895e-24
3.1107150103427895e-24
3.1107150103427895e-24
3.111213373219663e-24
2.531466761757731e-22
3.1120444381833133e-24
3.1154414704564212e-24
3.1272530847902954e-24
3.1520448136739025e-24
3.147142832008859e-24
3.1210678236476838e-24
3.1124954694058734e-24
3.110987956215996e-24
3.1107862050394857e-24
3.1109167615193e-24
3.1126143901873354e-24
3.1141224950228917e-24
3.0800853163300944e-24
3.079227627310893e-24
3.0791923257853842e-24
3.0719886452141322e-24
2.9684685979894682e-24
3.0793921048096314e-24
3.079932474529708e-24
3.0797210598071086e-24
3.0792743673195272e-24
3.0792157943973145e-24
3.0791923257853842e-24
3.079826569953182e-24
3.087378532614089e-24
3.0791923257853842e-24
3.0791923257853842e-24
3.0792157943973145e-24
3.0793566060688965e-24
2.158868697342377e-23
3.11522749193588e-24
1.104060692866016e-23
1.1009652026739287e-23
1.1006923356868128e-23
1.091227109229428e-23
1.1009147944620851e-23
1.1009568407483334e-23
1.1009778244484123e-23
1.4477768556016735e-23
6.607832788066284e-23
6.627902671672555e-23
6.628686483867983e-23
6.628611384309806e-23
6.62810588224174e-23
6.623984872872866e-23
6.554885075196574e-23
6.611943068926848e-23
6.627549261987016e-23
6.628737602054641e-23
6.628788089152575e-23
6.628788089152575e-23
6.628788089152575e-23
6.627953789859214e-23
6.628788089152575e-23
6.628788089152575e-23
6.628788089152575e-23
6.627472900251391e-23
7.683546868708451e-23
7.677511767239148e-23
7.677511767239148e-23
8.285234431403311e-23
2.5916867624316203e-22
2.5917162973839117e-22
2.5920921738280314e-22
2.5978731989769807e-22
2.64220819159236e-22
2.6108877630824445e-22
2.5934964724570697e-22
2.5918152520958627e-22
2.0576597364686938e-22
2.590826714718312e-22
2.5917064523998146e-22
2.60159207861081e-22
4.6311944181961696e-21
2.3285674455315624e-22
1.543204412673173e-22
1.6862303221527704e-22
1.6881483270032885e-22
1.6889535962153381e-22
4.7002072171363896e-24
5.395311116303366e-25
5.433690481241339e-24
4.6985758527843925e-24
5.312457548466069e-24
5.4934853489961864e-24
5.441634704987367e-24
5.440576448083013e-24
5.440617863280537e-24
5.440617863280537e-24
5.440617863280537e-24
5.440617863280537e-24
5.442382150695064e-24
3.933739469773615e-23
5.440617863280537e-24
5.440617863280537e-24
5.440617863280537e-24
5.440617863280537e-24
5.440617863280537e-24
5.440617863280537e-24
5.440617863280537e-24
5.440617863280537e-24
5.440617863280537e-24
5.4405559376994774e-24
4.2838180323681516e-24
5.440576448083013e-24
5.440493223257512e-24
5.44005777203783e-24
5.436904300569209e-24
5.507417421443295e-24
5.39694021268026e-24
5.438024483054623e-24
5.176937950266793e-24
5.4399331320148054e-24
5.4362822837454426e-24
5.422301696352663e-24
5.4337942164503755e-24
5.439767471224709e-24
5.489526056112882e-24
5.449653476088939e-24
5.442444865137029e-24
5.440617863280537e-24
5.440576448083013e-24
5.440535032885489e-24
5.440514522501953e-24
5.440016356840306e-24
5.436509870116599e-24
5.281219445480222e-24
2.3021300186933105e-24
4.125919633579114e-24
4.126013902457288e-24
4.126013902457288e-24
4.126013902457288e-24
4.126013902457288e-24
4.126029679675392e-24
4.18244467288182e-24
4.1255259919874086e-24
4.125683764168453e-24
4.125935410797218e-24
4.125998125239183e-24
4.1260454568934966e-24
4.126013902457288e-24
4.126013902457288e-24
4.126013902457288e-24
4.125888079142905e-24
4.070996770774911e-24
4.126013902457288e-24
4.1260454568934966e-24
4.128328420353206e-24
4.9353299709506804e-24
5.813645742591689e-08
5.809256009570163e-08
4.305215028921339e-08
4.188242641589568e-08
4.188242641589568e-08
4.188242641589568e-08
4.188242641589568e-08
4.188242641589568e-08
4.188242641589568e-08
4.188242641589568e-08
4.188242641589568e-08
4.188242641589568e-08
3.789062574810487e-08
4.20635153375315e-08
4.254863483765803e-08
4.187395674648542e-08
3.4583745645022645e-08
4.185032409509404e-08
4.188210667166459e-08
4.188242641589568e-08
4.188210667166459e-08
4.188242641589568e-08
4.1863099653483005e-08
4.047446822141865e-08
4.167142364508436e-08
4.2502236397012894e-08
4.255398877717198e-08
4.255626251392641e-08
4.255626251392641e-08
4.255626251392641e-08
4.255626251392641e-08
4.255626251392641e-08
4.255626251392641e-08
4.255626251392641e-08
4.255626251392641e-08
4.255626251392641e-08
4.255626251392641e-08
4.255626251392641e-08
4.2537273259313224e-08
3.06807876881976e-08
4.253694996236845e-08
4.255398877717198e-08
4.246836837751289e-08
3.987829444440649e-08
4.251050711445714e-08
4.244407136866357e-08
4.1747320267404575e-08
4.245929474677723e-08
4.2548144563170354e-08
4.255577579215242e-08
4.255609908909719e-08
4.255561236732319e-08
4.255496222071997e-08
4.25546389237752e-08
4.2553502055397985e-08
4.2551555168302e-08
4.426468080964696e-08
0.001322989584878087
0.0013230852782726288
0.0015180064365267754
0.0024099373258650303
0.002388527151197195
0.002409607172012329
0.002409965032711625
0.002409965032711625
0.002409965032711625
0.002409965032711625
0.002409965032711625
0.0024098458234220743
0.002404788974672556
0.002409965032711625
0.002409965032711625
0.002409965032711625
0.002409965032711625
0.002409781562164426
0.0024092590902000666
0.002409965032711625
0.002409965032711625
0.002409965032711625
0.00241024955175817
0.004238182678818703
0.004234948195517063
0.004234948195517063
0.004234948195517063
0.004234948195517063
0.004234932363033295
0.004234851337969303
0.004234932363033295
0.004224890377372503
0.004234948195517063
0.004233356099575758
0.004234932363033295
0.004234948195517063
0.004203710705041885
0.004234948195517063
0.004234739113599062
0.0036012460477650166
0.004234948195517063
0.004234948195517063
0.004234948195517063
0.004234948195517063
0.004234948195517063
0.004234948195517063
0.004234948195517063
0.004234932363033295
0.003298764117062092
0.004234482068568468
0.004234722815454006
0.004234819673001766
0.004234899766743183
0.004234916064888239
0.004234932363033295
0.004234948195517063
0.004234948195517063
0.004234932363033295
0.003692614147439599
0.004234851337969303
0.004198077600449324
0.0042076725512743
0.004234788008034229
0.004234948195517063
0.004234948195517063
0.004234948195517063
0.004235012456774712
0.004351454321295023
0.004234948195517063
0.004234948195517063
0.004234948195517063
0.004234948195517063
0.004234884399920702
0.00418899767100811
0.004234916064888239
0.004234948195517063
0.004234948195517063
0.004234948195517063
0.004234948195517063
0.004234948195517063
0.004234948195517063
0.004234948195517063
0.004255265928804874
0.004422699101269245
0.004234932363033295
0.004234932363033295
0.004234948195517063
0.004234948195517063
0.004234948195517063
0.004234932363033295
0.004234691150486469
0.0042174505069851875
0.004234948195517063
0.0042348033748567104
0.004214519169181585
0.004234771244227886
0.004221649374812841
0.004234932363033295
0.004234835971146822
0.0042337095364928246
0.004231394734233618
0.004234788008034229
0.004234932363033295
0.004234948195517063
0.004234482068568468
0.004234337247908115
0.004234948195517063
0.004234948195517063
0.004234948195517063
0.004234948195517063
0.004234948195517063
0.004234948195517063
0.004234948195517063
0.004234948195517063
0.004234948195517063
0.004234948195517063
0.004234948195517063
0.004234948195517063
0.004234948195517063
0.004234948195517063
0.004234948195517063
0.004234899766743183
0.004234948195517063
0.004234932363033295
0.004234932363033295
0.004234996158629656
0.004235800821334124
0.863499104976654
0.9685423374176025
0.9669969081878662
0.9685983657836914
0.9686066508293152
0.9686066508293152
0.96860671043396
0.9686200618743896
0.9745297431945801
0.992182195186615
0.9921785593032837
0.9921526312828064
0.6279743909835815
0.9920956492424011
0.9921348094940186
0.9921255707740784
0.9920674562454224
0.9920164346694946
0.9918227791786194
1.0
0.9924633502960205
0.991837203502655
0.9916400909423828
0.9925709366798401
0.992152750492096
0.9921676516532898
0.9921730756759644
0.9921560287475586
0.9850417971611023
0.9921765923500061
0.9921476244926453
0.9920158386230469
0.9920592308044434
0.9743982553482056
0.9921757578849792
0.9919570684432983
0.991314709186554
0.9923567771911621
0.9921190738677979
0.9923954010009766
0.9924609065055847
0.9924647808074951
0.9924668669700623
0.9924684166908264
0.9924691319465637
0.9924692511558533
0.9924692511558533
0.6361474394798279
0.9924701452255249
0.9925600290298462
0.9955297112464905
0.9924701452255249
0.9924693703651428
0.9924692511558533
0.9924732446670532
0.9923170804977417
0.9906972646713257
0.992469847202301
0.9924693703651428
0.9924693703651428
0.9924693703651428
0.9924692511558533
0.9924692511558533
0.9924687743186951
0.9924649000167847
0.9924472570419312
0.9924945831298828
0.9921798706054688
0.9921852946281433
0.916304349899292
0.9166510105133057
0.9165232181549072
0.9262992739677429
0.9921830296516418
0.9921830296516418
0.9921827912330627
0.9921452403068542
0.9919006824493408
0.992182195186615
0.9921829104423523
0.9921829104423523
0.9921830296516418
0.9921829104423523
0.9921820163726807
0.9921565055847168
0.9921556115150452
0.9687052965164185
0.9918062686920166
0.9921573400497437
0.9921385645866394
0.992183268070221
0.9921929240226746
0.9921830296516418
0.9921830296516418
0.9921830296516418
0.9921830296516418
0.9921830296516418
0.9921830296516418
0.9921808242797852
0.9920784831047058
0.9921820759773254
0.9921827912330627
0.9921830296516418
0.9921830296516418
0.9921830296516418
0.9921830296516418
0.9921207427978516
0.9921830296516418
0.9921830296516418
0.9921829104423523
0.992181658744812
0.9921797513961792
0.9921829104423523
0.9921830296516418
0.9921830296516418
0.9921830296516418
0.9921830296516418
0.9921830296516418
0.9921830296516418
0.9921830296516418
0.9921830296516418
0.9921830296516418
0.9921830296516418
0.9921825528144836
0.9921815395355225
0.9921830296516418
0.9921830296516418
0.9921830296516418
0.9921830296516418
0.9921829104423523
0.9921833872795105
0.9922903180122375
1.0
1.0
1.0
1.0
1.0
1.0
1.0
1.0
1.0
1.0
1.0
1.0
1.0
1.0
1.0
1.0
1.0
1.0
1.0
1.0
1.0
1.0
1.0
1.0
1.0
1.0
1.0
1.0
0.9167054295539856
0.9166483283042908
0.9166483283042908
0.9166483283042908
0.9166480898857117
0.9166477918624878
0.9166483283042908
0.9166480898857117
0.9166468977928162
0.9166483283042908
0.9166483283042908
0.9166483283042908
0.9166483283042908
0.9166483283042908
0.9166483283042908
0.9166463017463684
0.7262428998947144
0.9166483283042908
0.9166483283042908
0.9166483283042908
0.9166483283042908
0.9166609048843384
0.9166317582130432
0.9116484522819519
0.9166486263275146
0.9166375994682312
0.9133806228637695
0.9149971604347229
0.79759681224823
0.7975814938545227
0.7975383400917053
0.7975229620933533
0.7975174188613892
0.7975001335144043
0.7950937747955322
0.7965559363365173
0.7975247502326965
0.7974533438682556
0.7974976897239685
0.79751056432724
0.7975149154663086
0.7975155115127563
0.7975155115127563
0.7975161075592041
0.7975444793701172
0.9208152890205383
0.798758864402771
0.7678857445716858
0.7975155115127563
0.7975124716758728
0.7974563837051392
0.7963500618934631
0.77953040599823
0.7964860796928406
0.7974792122840881
0.7975143194198608
0.7975155115127563
0.7975155115127563
0.7975155115127563
0.7975155115127563
0.7975155115127563
0.7975155115127563
0.7975124716758728
0.21939237415790558
0.7975155115127563
0.7975155115127563
0.7975155115127563
0.7975223660469055
0.7975777983665466
0.7982021570205688
0.7955215573310852
1.0
1.0
1.0
1.0
1.0
1.0
1.0
1.0
1.0
1.0
1.0
1.0
1.0
1.0
1.0
1.0
1.0
1.0
1.0
1.0
1.0
1.0
1.0
1.0
1.0
1.0
1.0
1.0
1.0
1.0
1.0
1.0
1.0
1.0
1.0
1.0
1.0
1.0
1.0
1.0
1.0
1.0
1.0
1.0
1.0
1.0
1.0
1.0
1.0
1.0
1.0
1.0
1.0
1.0
1.0
1.0
1.0
1.0
1.0
1.0
1.0
1.0
1.0
1.0
1.0
1.0
1.0
1.0
1.0
1.0
1.0
1.0
1.0
1.0
1.0
1.0
1.0
1.0
1.0
1.0
1.0
1.0
1.0
1.0
1.0
1.0
1.0
1.0
1.0
1.0
1.0
1.0
1.0
1.0
1.0
1.0
1.0
1.0
1.0
1.0
1.0
1.0
1.0
1.0
1.0
1.0
1.0
1.0
1.0
1.0
1.0
1.0
1.0
1.0
1.0
1.0
1.0
1.0
1.0
1.0
1.0
1.0
1.0
1.0
1.0
1.0
1.0
1.0
0.7988845109939575
1.0
1.0
1.0
1.0
1.0
1.0
1.0
1.0
1.0
1.0
1.0
1.0
1.0
1.0
1.0
1.0
1.0
1.0
1.0
1.0
1.0
1.0
1.0
1.0
1.0
1.0
1.0
1.0
1.0
1.0
1.0
1.0
1.0
1.0
1.0
1.0
1.0
1.0
1.0
1.0
1.0
1.0
1.0
1.0
1.0
1.0
1.0
1.0
1.0
1.0
1.0
1.0
1.0
1.0
1.0
1.0
1.0
1.0
1.0
1.0
1.0
1.0
1.0
1.0
1.0
1.0
1.0
1.0
1.0
1.0
1.0
1.0
1.0
1.0
1.0
1.0
1.0
1.0
1.0
1.0
1.0
1.0
1.0
1.0
1.0
1.0
1.0
1.0
1.0
1.0
1.0
1.0
1.0
1.0
1.0
1.0
1.0
1.0
1.0
1.0
1.0
1.0
1.0
1.0
1.0
1.0
1.0
1.0
1.0
1.0
1.0
1.0
1.0
1.0
1.0
1.0
1.0
1.0
1.0
1.0
1.0
1.0
1.0
1.0
1.0
1.0
1.0
1.0
1.0
1.0
1.0
1.0
1.0
1.0
1.0
1.0
1.0
1.0
1.0
1.0
1.0
1.0
1.0
1.0
1.0
1.0
1.0
1.0
1.0
1.0
1.0
1.0
1.0
1.0
1.0
1.0
1.0
1.0
1.0
1.0
1.0
1.0
1.0
1.0
1.0
1.0
1.0
1.0
1.0
1.0
1.0
1.0
1.0
1.0
1.0
1.0
1.0
1.0
1.0
1.0
1.0
1.0
1.0
1.0
1.0
1.0
1.0
1.0
1.0
1.0
1.0
1.0
1.0
1.0
1.0
1.0
1.0
1.0
1.0
1.0
1.0
1.0
1.0
1.0
1.0
1.0
1.0
1.0
1.0
1.0
1.0
1.0
1.0
1.0
1.0
1.0
1.0
1.0
1.0
1.0
1.0
1.0
1.0
1.0
1.0
1.0
1.0
1.0
1.0
1.0
1.0
1.0
1.0
1.0
1.0
1.0
1.0
1.0
1.0
1.0
1.0
1.0
1.0
1.0
1.0
1.0
1.0
1.0
1.0
1.0
1.0
1.0
1.0
1.0
1.0
1.0
1.0
1.0
1.0
1.0
1.0
1.0
1.0
1.0
1.0
1.0
1.0
1.0
1.0
1.0
1.0
1.0
1.0
1.0
1.0
1.0
1.0
1.0
1.0
1.0
1.0
1.0
1.0
1.0
1.0
1.0
1.0
1.0
1.0
1.0
1.0
1.0
1.0
1.0
1.0
1.0
1.0
1.0
1.0
1.0
1.0
1.0
1.0
1.0
1.0
1.0
1.0
1.0
1.0
1.0
1.0
1.0
1.0
1.0
1.0
1.0
1.0
1.0
1.0
1.0
1.0
1.0
1.0
1.0
1.0
1.0
1.0
1.0
1.0
1.0
1.0
1.0
1.0
1.0
1.0
1.0
1.0
1.0
1.0
1.0
1.0
1.0
1.0
1.0
1.0
1.0
1.0
1.0
1.0
1.0
1.0
1.0
1.0
1.0
1.0
1.0
1.0
1.0
1.0
1.0
1.0
1.0
1.0
1.0
1.0
1.0
1.0
1.0
1.0
1.0
1.0
1.0
1.0
1.0
1.0
1.0
1.0
1.0
1.0
1.0
1.0
1.0
1.0
1.0
1.0
1.0
1.0
1.0
1.0
1.0
1.0
1.0
1.0
1.0
1.0
1.0
1.0
1.0
1.0
1.0
1.0
1.0
1.0
1.0
1.0
1.0
1.0
1.0
1.0
1.0
1.0
1.0
1.0
1.0
1.0
1.0
1.0
1.0
1.0
1.0
1.0
1.0
1.0
1.0
1.0
1.0
1.0
1.0
1.0
1.0
1.0
1.0
1.0
1.0
1.0
1.0
1.0
1.0
1.0
1.0
1.0
1.0
1.0
1.0
1.0
1.0
1.0
1.0
1.0
1.0
1.0
1.0
1.0
1.0
1.0
1.0
1.0
1.0
1.0
1.0
1.0
1.0
1.0
1.0
1.0
1.0
1.0
1.0
1.0
1.0
1.0
1.0
1.0
1.0
1.0
1.0
1.0
1.0
1.0
1.0
1.0
1.0
1.0
1.0
1.0
1.0
1.0
1.0
1.0
1.0
1.0
1.0
1.0
1.0
1.0
1.0
1.0
1.0
1.0
1.0
1.0
1.0
1.0
1.0
1.0
1.0
1.0
1.0
1.0
1.0
1.0
1.0
1.0
1.0
1.0
1.0
1.0
1.0
1.0
1.0
1.0
1.0
1.0
1.0
1.0
1.0
1.0
1.0
1.0
1.0
1.0
1.0
1.0
1.0
1.0
1.0
1.0
1.0
1.0
1.0
1.0
1.0
1.0
1.0
1.0
1.0
1.0
1.0
1.0
1.0
1.0
1.0
1.0
1.0
1.0
1.0
1.0
1.0
1.0
1.0
1.0
1.0
1.0
1.0
1.0
1.0
1.0
1.0
1.0
1.0
1.0
1.0
1.0
1.0
1.0
1.0
1.0
1.0
1.0
1.0
1.0
1.0
1.0
1.0
1.0
1.0
1.0
1.0
1.0
1.0
1.0
1.0
1.0
1.0
1.0
1.0
1.0
1.0
1.0
1.0
1.0
1.0
1.0
1.0
1.0
1.0
1.0
1.0
1.0
1.0
1.0
1.0
1.0
1.0
1.0
1.0
1.0
1.0
1.0
1.0
1.0
1.0
1.0
1.0
1.0
1.0
1.0
1.0
1.0
1.0
1.0
1.0
1.0
1.0
1.0
1.0
1.0
1.0
1.0
1.0
1.0
1.0
1.0
1.0
1.0
1.0
1.0
1.0
1.0
1.0
1.0
1.0
1.0
1.0
1.0
1.0
1.0
1.0
1.0
1.0
1.0
1.0
1.0
1.0
1.0
1.0
1.0
1.0
1.0
1.0
1.0
1.0
1.0
1.0
1.0
1.0
1.0
1.0
1.0
1.0
1.0
1.0
1.0
1.0
1.0
1.0
1.0
1.0
1.0
1.0
1.0
1.0
1.0
1.0
1.0
1.0
1.0
1.0
1.0
1.0
1.0
1.0
1.0
1.0
1.0
1.0
1.0
1.0
1.0
1.0
1.0
1.0
1.0
1.0
1.0
1.0
1.0
1.0
1.0
1.0
1.0
1.0
1.0
1.0
1.0
1.0
1.0
1.0
1.0
1.0
1.0
1.0
1.0
1.0
1.0
1.0
1.0
1.0
1.0
1.0
1.0
1.0
1.0
1.0
1.0
1.0
1.0
1.0
1.0
1.0
1.0
1.0
1.0
1.0
1.0
1.0
1.0
1.0
1.0
1.0
1.0
1.0
1.0
1.0
1.0
1.0
1.0
1.0
1.0
1.0
1.0
1.0
1.0
1.0
1.0
1.0
1.0
1.0
1.0
1.0
1.0
1.0
1.0
1.0
1.0
1.0
1.0
1.0
1.0
1.0
1.0
1.0
1.0
1.0
1.0
1.0
1.0
1.0
1.0
1.0
1.0
1.0
1.0
1.0
1.0
1.0
1.0
1.0
1.0
1.0
1.0
1.0
1.0
1.0
1.0
1.0
1.0
1.0
1.0
1.0
1.0
1.0
1.0
1.0
1.0
1.0
1.0
1.0
1.0
1.0
1.0
1.0
1.0
1.0
1.0
1.0
1.0
1.0
1.0
1.0
1.0
1.0
1.0
1.0
1.0
1.0
1.0
1.0
1.0
1.0
1.0
1.0
1.0
1.0
1.0
1.0
1.0
1.0
1.0
1.0
1.0
1.0
1.0
1.0
1.0
1.0
1.0
1.0
1.0
1.0
1.0
1.0
1.0
1.0
1.0
1.0
1.0
1.0
1.0
1.0
1.0
1.0
1.0
1.0
1.0
1.0
1.0
1.0
1.0
1.0
1.0
1.0
1.0
1.0
1.0
1.0
1.0
1.0
1.0
1.0
1.0
1.0
1.0
1.0
1.0
1.0
1.0
1.0
1.0
1.0
1.0
1.0
1.0
1.0
1.0
1.0
1.0
1.0
1.0
1.0
1.0
1.0
1.0
1.0
1.0
1.0
1.0
1.0
1.0
1.0
1.0
1.0
1.0
1.0
1.0
1.0
1.0
1.0
1.0
1.0
1.0
1.0
1.0
1.0
1.0
1.0
1.0
1.0
1.0
1.0
1.0
1.0
1.0
1.0
1.0
1.0
1.0
1.0
1.0
1.0
1.0
1.0
1.0
1.0
1.0
1.0
1.0
1.0
1.0
1.0
1.0
1.0
1.0
1.0
1.0
1.0
1.0
1.0
1.0
1.0
1.0
1.0
1.0
1.0
1.0
1.0
1.0
1.0
1.0
1.0
1.0
1.0
1.0
1.0
1.0
1.0
1.0
1.0
1.0
1.0
1.0
1.0
1.0
1.0
1.0
1.0
1.0
1.0
1.0
1.0
1.0
1.0
1.0
1.0
1.0
1.0
1.0
1.0
1.0
1.0
1.0
1.0
1.0
1.0
1.0
1.0
1.0
1.0
1.0
1.0
1.0
1.0
1.0
1.0
1.0
1.0
1.0
1.0
1.0
1.0
1.0
1.0
1.0
1.0
1.0
1.0
1.0
1.0
1.0
1.0
1.0
1.0
1.0
1.0
1.0
1.0
1.0
1.0
1.0
1.0
1.0
1.0
1.0
1.0
1.0
1.0
1.0
1.0
1.0
1.0
1.0
1.0
1.0
1.0
1.0
1.0
1.0
1.0
1.0
1.0
1.0
1.0
1.0
1.0
1.0
1.0
1.0
1.0
1.0
1.0
1.0
1.0
1.0
1.0
1.0
1.0
1.0
1.0
1.0
1.0
1.0
1.0
1.0
1.0
1.0
1.0
1.0
1.0
1.0
1.0
1.0
1.0
1.0
1.0
1.0
1.0
1.0
1.0
1.0
1.0
1.0
1.0
1.0
1.0
1.0
1.0
1.0
1.0
1.0
1.0
1.0
1.0
1.0
1.0
1.0
1.0
1.0
1.0
1.0
1.0
1.0
1.0
1.0
1.0
1.0
1.0
1.0
1.0
1.0
1.0
1.0
1.0
1.0
1.0
1.0
1.0
1.0
1.0
1.0
1.0
1.0
1.0
1.0
1.0
1.0
1.0
1.0
1.0
1.0
1.0
1.0
1.0
1.0
1.0
1.0
1.0
1.0
1.0
1.0
1.0
1.0
1.0
1.0
1.0
1.0
1.0
1.0
1.0
1.0
1.0
1.0
1.0
1.0
1.0
1.0
1.0
1.0
1.0
1.0
1.0
1.0
1.0
1.0
1.0
1.0
1.0
1.0
1.0
1.0
1.0
1.0
1.0
1.0
1.0
1.0
1.0
1.0
1.0
1.0
1.0
1.0
1.0
1.0
1.0
1.0
1.0
1.0
1.0
1.0
1.0
1.0
1.0
1.0
1.0
1.0
1.0
1.0
1.0
1.0
1.0
1.0
1.0
1.0
1.0
1.0
1.0
1.0
1.0
1.0
1.0
1.0
1.0
1.0
1.0
1.0
1.0
1.0
1.0
1.0
1.0
1.0
1.0
1.0
1.0
1.0
1.0
1.0
1.0
1.0
1.0
1.0
1.0
1.0
1.0
1.0
1.0
1.0
1.0
1.0
1.0
1.0
1.0
1.0
1.0
1.0
1.0
1.0
1.0
1.0
1.0
1.0
1.0
1.0
1.0
1.0
1.0
1.0
1.0
1.0
1.0
1.0
1.0
1.0
1.0
1.0
1.0
1.0
1.0
1.0
1.0
1.0
1.0
1.0
1.0
1.0
1.0
1.0
1.0
1.0
1.0
1.0
1.0
1.0
1.0
1.0
1.0
1.0
1.0
1.0
1.0
1.0
1.0
1.0
1.0
1.0
1.0
1.0
1.0
1.0
1.0
1.0
1.0
1.0
1.0
1.0
1.0
1.0
1.0
1.0
1.0
1.0
1.0
1.0
1.0
1.0
1.0
1.0
1.0
1.0
1.0
1.0
1.0
1.0
1.0
1.0
1.0
1.0
1.0
1.0
1.0
1.0
1.0
1.0
1.0
1.0
1.0
1.0
1.0
1.0
1.0
1.0
1.0
1.0
1.0
1.0
1.0
1.0
1.0
1.0
1.0
1.0
1.0
1.0
1.0
1.0
1.0
1.0
1.0
1.0
1.0
1.0
1.0
1.0
1.0
1.0
1.0
1.0
1.0
1.0
1.0
1.0
1.0
1.0
1.0
1.0
1.0
1.0
1.0
1.0
1.0
1.0
1.0
1.0
1.0
1.0
1.0
1.0
1.0
1.0
1.0
1.0
1.0
1.0
1.0
1.0
1.0
1.0
1.0
1.0
1.0
1.0
1.0
1.0
1.0
1.0
1.0
1.0
1.0
1.0
1.0
1.0
1.0
1.0
1.0
1.0
1.0
1.0
1.0
1.0
1.0
1.0
1.0
1.0
1.0
1.0
1.0
1.0
1.0
1.0
1.0
1.0
1.0
1.0
1.0
1.0
1.0
1.0
1.0
1.0
1.0
1.0
1.0
1.0
1.0
1.0
1.0
1.0
1.0
1.0
1.0
1.0
1.0
1.0
1.0
1.0
1.0
1.0
1.0
1.0
1.0
1.0
1.0
1.0
1.0
1.0
1.0
1.0
1.0
1.0
1.0
1.0
1.0
1.0
1.0
1.0
1.0
1.0
1.0
1.0
1.0
1.0
1.0
1.0
1.0
1.0
1.0
1.0
1.0
1.0
1.0
1.0
1.0
1.0
1.0
1.0
1.0
1.0
1.0
1.0
1.0
1.0
1.0
1.0
1.0
1.0
1.0
1.0
1.0
1.0
1.0
1.0
1.0
1.0
1.0
1.0
1.0
1.0
1.0
1.0
1.0
1.0
1.0
1.0
1.0
1.0
1.0
1.0
1.0
1.0
1.0
1.0
1.0
1.0
1.0
1.0
1.0
1.0
1.0
1.0
1.0
1.0
1.0
1.0
1.0
1.0
1.0
1.0
1.0
1.0
1.0
1.0
1.0
1.0
1.0
1.0
1.0
1.0
1.0
1.0
1.0
1.0
1.0
1.0
1.0
1.0
1.0
1.0
1.0
1.0
1.0
1.0
1.0
1.0
1.0
1.0
1.0
1.0
1.0
1.0
1.0
1.0
1.0
1.0
1.0
1.0
1.0
1.0
1.0
1.0
1.0
1.0
1.0
1.0
1.0
1.0
1.0
1.0
1.0
1.0
1.0
1.0
1.0
1.0
1.0
1.0
1.0
1.0
1.0
1.0
1.0
1.0
1.0
1.0
1.0
1.0
1.0
1.0
1.0
1.0
1.0
1.0
1.0
1.0
1.0
1.0
1.0
1.0
1.0
1.0
1.0
1.0
1.0
1.0
1.0
1.0
1.0
1.0
1.0
1.0
1.0
1.0
1.0
1.0
1.0
1.0
1.0
1.0
1.0
1.0
1.0
1.0
1.0
1.0
1.0
1.0
1.0
1.0
1.0
1.0
1.0
1.0
1.0
1.0
1.0
1.0
1.0
1.0
1.0
1.0
1.0
1.0
1.0
1.0
1.0
1.0
1.0
1.0
1.0
1.0
1.0
1.0
1.0
1.0
1.0
1.0
1.0
1.0
1.0
1.0
1.0
1.0
1.0
1.0
1.0
1.0
1.0
1.0
1.0
1.0
1.0
1.0
1.0
1.0
1.0
1.0
1.0
1.0
1.0
1.0
1.0
1.0
1.0
1.0
1.0
1.0
1.0
1.0
1.0
1.0
1.0
1.0
1.0
1.0
1.0
1.0
1.0
1.0
1.0
1.0
1.0
1.0
1.0
1.0
1.0
1.0
1.0
1.0
1.0
1.0
1.0
1.0
1.0
1.0
1.0
1.0
1.0
1.0
1.0
1.0
1.0
1.0
1.0
1.0
1.0
1.0
1.0
1.0
1.0
1.0
1.0
1.0
1.0
1.0
1.0
1.0
1.0
1.0
1.0
1.0
1.0
1.0
1.0
1.0
1.0
1.0
1.0
1.0
1.0
1.0
1.0
1.0
1.0
1.0
1.0
1.0
1.0
1.0
1.0
1.0
1.0
1.0
1.0
1.0
1.0
1.0
1.0
1.0
1.0
1.0
1.0
1.0
1.0
1.0
1.0
1.0
1.0
1.0
1.0
1.0
1.0
1.0
1.0
1.0
1.0
1.0
1.0
1.0
1.0
1.0
1.0
1.0
1.0
1.0
1.0
1.0
1.0
1.0
1.0
1.0
1.0
1.0
1.0
1.0
1.0
1.0
1.0
1.0
1.0
1.0
1.0
1.0
1.0
1.0
1.0
1.0
1.0
1.0
1.0
1.0
1.0
1.0
1.0
1.0
1.0
1.0
1.0
1.0
1.0
1.0
1.0
1.0
1.0
1.0
1.0
1.0
1.0
1.0
1.0
1.0
1.0
1.0
1.0
1.0
1.0
1.0
1.0
1.0
1.0
1.0
1.0
1.0
1.0
1.0
1.0
1.0
1.0
1.0
1.0
1.0
1.0
1.0
1.0
1.0
1.0
1.0
1.0
1.0
1.0
1.0
1.0
1.0
1.0
1.0
1.0
1.0
1.0
1.0
1.0
1.0
1.0
1.0
1.0
1.0
1.0
1.0
1.0
1.0
1.0
1.0
1.0
1.0
1.0
1.0
1.0
1.0
1.0
1.0
1.0
1.0
1.0
1.0
1.0
1.0
1.0
1.0
1.0
1.0
1.0
1.0
1.0
1.0
1.0
1.0
1.0
1.0
1.0
1.0
1.0
1.0
1.0
1.0
1.0
1.0
1.0
1.0
1.0
1.0
1.0
1.0
1.0
1.0
1.0
1.0
1.0
1.0
1.0
1.0
1.0
1.0
1.0
1.0
1.0
1.0
1.0
1.0
1.0
1.0
1.0
1.0
1.0
1.0
1.0
1.0
1.0
1.0
1.0
1.0
1.0
1.0
1.0
1.0
1.0
1.0
1.0
1.0
1.0
1.0
1.0
1.0
1.0
1.0
1.0
1.0
1.0
1.0
1.0
1.0
1.0
1.0
1.0
1.0
1.0
1.0
1.0
1.0
1.0
1.0
1.0
1.0
1.0
1.0
1.0
1.0
1.0
1.0
1.0
1.0
1.0
1.0
1.0
1.0
1.0
1.0
1.0
1.0
1.0
1.0
1.0
1.0
1.0
1.0
1.0
1.0
1.0
1.0
1.0
1.0
1.0
1.0
1.0
1.0
1.0
1.0
1.0
1.0
1.0
1.0
1.0
1.0
1.0
1.0
1.0
1.0
1.0
1.0
1.0
1.0
1.0
1.0
1.0
1.0
1.0
1.0
1.0
1.0
1.0
1.0
1.0
1.0
1.0
1.0
1.0
1.0
1.0
1.0
1.0
1.0
1.0
1.0
1.0
1.0
1.0
1.0
1.0
1.0
1.0
1.0
1.0
1.0
1.0
1.0
1.0
1.0
1.0
1.0
1.0
1.0
1.0
1.0
1.0
1.0
1.0
1.0
1.0
1.0
1.0
1.0
1.0
1.0
1.0
1.0
1.0
1.0
1.0
1.0
1.0
1.0
1.0
1.0
1.0
1.0
1.0
1.0
1.0
1.0
1.0
1.0
1.0
1.0
1.0
1.0
1.0
1.0
1.0
1.0
1.0
1.0
1.0
1.0
1.0
1.0
1.0
1.0
1.0
1.0
1.0
1.0
1.0
1.0
1.0
1.0
1.0
1.0
1.0
1.0
1.0
1.0
1.0
1.0
1.0
1.0
1.0
1.0
1.0
1.0
1.0
1.0
1.0
1.0
1.0
1.0
1.0
1.0
1.0
1.0
1.0
1.0
1.0
1.0
1.0
1.0
1.0
1.0
1.0
1.0
1.0
1.0
1.0
1.0
1.0
1.0
1.0
1.0
1.0
1.0
1.0
1.0
1.0
1.0
1.0
1.0
1.0
1.0
1.0
1.0
1.0
1.0
1.0
1.0
1.0
1.0
1.0
1.0
1.0
1.0
1.0
1.0
1.0
1.0
1.0
1.0
1.0
1.0
1.0
1.0
1.0
1.0
1.0
1.0
1.0
1.0
1.0
1.0
1.0
1.0
1.0
1.0
1.0
1.0
1.0
1.0
1.0
1.0
1.0
1.0
1.0
1.0
1.0
1.0
1.0
1.0
1.0
1.0
1.0
1.0
1.0
1.0
1.0
1.0
1.0
1.0
1.0
1.0
1.0
1.0
1.0
1.0
1.0
1.0
1.0
1.0
1.0
1.0
1.0
1.0
1.0
1.0
1.0
1.0
1.0
1.0
1.0
1.0
1.0
1.0
1.0
1.0
1.0
1.0
1.0
1.0
1.0
1.0
1.0
1.0
1.0
1.0
1.0
1.0
1.0
1.0
1.0
1.0
1.0
1.0
1.0
1.0
1.0
1.0
1.0
1.0
1.0
1.0
1.0
1.0
1.0
1.0
1.0
1.0
1.0
1.0
1.0
1.0
1.0
1.0
1.0
1.0
1.0
1.0
1.0
1.0
1.0
1.0
1.0
1.0
1.0
1.0
1.0
1.0
1.0
1.0
1.0
1.0
1.0
1.0
1.0
1.0
1.0
1.0
1.0
1.0
1.0
1.0
1.0
1.0
1.0
1.0
1.0
1.0
1.0
1.0
1.0
1.0
1.0
1.0
1.0
1.0
1.0
1.0
1.0
1.0
1.0
1.0
1.0
1.0
1.0
1.0
1.0
1.0
1.0
1.0
1.0
1.0
1.0
1.0
1.0
1.0
1.0
1.0
1.0
1.0
1.0
1.0
1.0
1.0
1.0
1.0
1.0
1.0
1.0
1.0
1.0
1.0
1.0
1.0
1.0
1.0
1.0
1.0
1.0
1.0
1.0
1.0
1.0
1.0
1.0
1.0
1.0
1.0
1.0
1.0
1.0
1.0
1.0
1.0
1.0
1.0
1.0
1.0
1.0
1.0
1.0
1.0
1.0
1.0
1.0
1.0
1.0
1.0
1.0
1.0
1.0
1.0
1.0
1.0
1.0
1.0
1.0
1.0
1.0
1.0
1.0
1.0
1.0
1.0
1.0
1.0
1.0
1.0
1.0
1.0
1.0
1.0
1.0
1.0
1.0
1.0
1.0
1.0
1.0
1.0
1.0
1.0
1.0
1.0
1.0
1.0
1.0
1.0
1.0
1.0
1.0
1.0
1.0
1.0
1.0
1.0
1.0
1.0
1.0
1.0
1.0
1.0
1.0
1.0
1.0
1.0
1.0
1.0
1.0
1.0
1.0
1.0
1.0
1.0
1.0
1.0
1.0
1.0
1.0
1.0
1.0
1.0
1.0
1.0
1.0
1.0
1.0
1.0
1.0
1.0
1.0
1.0
1.0
1.0
1.0
1.0
1.0
1.0
1.0
1.0
1.0
1.0
1.0
1.0
1.0
1.0
1.0
1.0
1.0
1.0
1.0
1.0
1.0
1.0
1.0
1.0
1.0
1.0
1.0
1.0
1.0
1.0
1.0
1.0
1.0
1.0
1.0
1.0
1.0
1.0
1.0
1.0
1.0
1.0
1.0
1.0
1.0
1.0
1.0
1.0
1.0
1.0
1.0
1.0
1.0
1.0
1.0
1.0
1.0
1.0
1.0
1.0
1.0
1.0
1.0
1.0
1.0
1.0
1.0
1.0
1.0
1.0
1.0
1.0
1.0
1.0
1.0
1.0
1.0
1.0
1.0
1.0
1.0
1.0
1.0
1.0
1.0
1.0
1.0
1.0
1.0
1.0
1.0
1.0
1.0
1.0
1.0
1.0
1.0
1.0
1.0
1.0
1.0
1.0
1.0
1.0
1.0
1.0
1.0
1.0
1.0
1.0
1.0
1.0
1.0
1.0
1.0
1.0
1.0
1.0
1.0
1.0
1.0
1.0
1.0
1.0
1.0
1.0
1.0
1.0
1.0
1.0
1.0
1.0
1.0
1.0
1.0
1.0
1.0
1.0
1.0
1.0
1.0
1.0
1.0
1.0
1.0
1.0
1.0
1.0
1.0
1.0
1.0
1.0
1.0
1.0
1.0
1.0
1.0
1.0
1.0
1.0
1.0
1.0
1.0
1.0
1.0
1.0
1.0
1.0
1.0
1.0
1.0
1.0
1.0
1.0
1.0
1.0
1.0
1.0
1.0
1.0
1.0
1.0
1.0
1.0
1.0
1.0
1.0
1.0
1.0
1.0
1.0
1.0
1.0
1.0
1.0
1.0
1.0
1.0
1.0
1.0
1.0
1.0
1.0
1.0
1.0
1.0
1.0
1.0
1.0
1.0
1.0
1.0
1.0
1.0
1.0
1.0
1.0
1.0
1.0
1.0
1.0
1.0
1.0
1.0
1.0
1.0
1.0
1.0
1.0
1.0
1.0
1.0
1.0
1.0
1.0
1.0
1.0
1.0
1.0
1.0
1.0
1.0
1.0
1.0
1.0
1.0
1.0
1.0
1.0
1.0
1.0
1.0
1.0
1.0
1.0
1.0
1.0
1.0
1.0
1.0
1.0
1.0
1.0
1.0
1.0
1.0
1.0
1.0
1.0
1.0
1.0
1.0
1.0
1.0
1.0
1.0
1.0
1.0
1.0
1.0
1.0
1.0
1.0
1.0
1.0
1.0
1.0
1.0
1.0
1.0
1.0
1.0
1.0
1.0
1.0
1.0
1.0
1.0
1.0
1.0
1.0
1.0
1.0
1.0
1.0
1.0
1.0
1.0
1.0
1.0
1.0
1.0
1.0
1.0
1.0
1.0
1.0
1.0
1.0
1.0
1.0
1.0
1.0
1.0
1.0
1.0
1.0
1.0
1.0
1.0
1.0
1.0
1.0
1.0
1.0
1.0
1.0
1.0
1.0
1.0
1.0
1.0
1.0
1.0
1.0
1.0
1.0
1.0
1.0
1.0
1.0
1.0
1.0
1.0
1.0
1.0
1.0
1.0
1.0
1.0
1.0
1.0
1.0
1.0
1.0
1.0
1.0
1.0
1.0
1.0
1.0
1.0
1.0
1.0
1.0
1.0
1.0
1.0
1.0
1.0
1.0
1.0
1.0
1.0
1.0
1.0
1.0
1.0
1.0
1.0
1.0
1.0
1.0
1.0
1.0
1.0
1.0
1.0
1.0
1.0
1.0
1.0
1.0
1.0
1.0
1.0
1.0
1.0
1.0
1.0
1.0
1.0
1.0
1.0
1.0
1.0
1.0
1.0
1.0
1.0
1.0
1.0
1.0
1.0
1.0
1.0
1.0
1.0
1.0
1.0
1.0
1.0
1.0
1.0
1.0
1.0
1.0
1.0
1.0
1.0
1.0
1.0
1.0
1.0
1.0
1.0
1.0
1.0
1.0
1.0
1.0
1.0
1.0
1.0
1.0
1.0
1.0
1.0
1.0
1.0
1.0
1.0
1.0
1.0
1.0
1.0
1.0
1.0
1.0
1.0
1.0
1.0
1.0
1.0
1.0
1.0
1.0
1.0
1.0
1.0
1.0
1.0
1.0
1.0
1.0
1.0
1.0
1.0
1.0
1.0
1.0
1.0
1.0
1.0
1.0
1.0
1.0
1.0
1.0
1.0
1.0
1.0
1.0
1.0
1.0
1.0
1.0
1.0
1.0
1.0
1.0
1.0
1.0
1.0
1.0
1.0
1.0
1.0
1.0
1.0
1.0
1.0
1.0
1.0
1.0
1.0
1.0
1.0
1.0
1.0
1.0
1.0
1.0
1.0
1.0
1.0
1.0
1.0
1.0
1.0
1.0
1.0
1.0
1.0
1.0
1.0
1.0
1.0
1.0
1.0
1.0
1.0
1.0
1.0
1.0
1.0
1.0
1.0
1.0
1.0
1.0
1.0
1.0
1.0
1.0
1.0
1.0
1.0
1.0
1.0
1.0
1.0
1.0
1.0
1.0
1.0
1.0
1.0
1.0
1.0
1.0
1.0
1.0
1.0
1.0
1.0
1.0
1.0
1.0
1.0
1.0
1.0
1.0
1.0
1.0
1.0
1.0
1.0
1.0
1.0
1.0
1.0
1.0
1.0
1.0
1.0
1.0
1.0
1.0
1.0
1.0
1.0
1.0
1.0
1.0
1.0
1.0
1.0
1.0
1.0
1.0
1.0
1.0
1.0
1.0
1.0
1.0
1.0
1.0
1.0
1.0
1.0
1.0
1.0
1.0
1.0
1.0
1.0
1.0
1.0
1.0
1.0
1.0
1.0
1.0
1.0
1.0
1.0
1.0
1.0
1.0
1.0
1.0
1.0
1.0
1.0
1.0
1.0
1.0
1.0
1.0
1.0
1.0
1.0
1.0
1.0
1.0
1.0
1.0
1.0
1.0
1.0
1.0
1.0
1.0
1.0
1.0
1.0
1.0
1.0
1.0
1.0
1.0
1.0
1.0
1.0
1.0
1.0
1.0
1.0
1.0
1.0
1.0
1.0
1.0
1.0
1.0
1.0
1.0
1.0
1.0
1.0
1.0
1.0
1.0
1.0
1.0
1.0
1.0
1.0
1.0
1.0
1.0
1.0
1.0
1.0
1.0
1.0
1.0
1.0
1.0
1.0
1.0
1.0
1.0
1.0
1.0
1.0
1.0
1.0
1.0
1.0
1.0
1.0
1.0
1.0
1.0
1.0
1.0
1.0
1.0
1.0
1.0
1.0
1.0
1.0
1.0
1.0
1.0
1.0
1.0
1.0
1.0
1.0
1.0
1.0
1.0
1.0
1.0
1.0
1.0
1.0
1.0
1.0
1.0
1.0
1.0
1.0
1.0
1.0
1.0
1.0
1.0
1.0
1.0
1.0
1.0
1.0
1.0
1.0
1.0
1.0
1.0
1.0
1.0
1.0
1.0
1.0
1.0
1.0
1.0
1.0
1.0
1.0
1.0
1.0
1.0
1.0
1.0
1.0
1.0
1.0
1.0
1.0
1.0
1.0
1.0
1.0
1.0
1.0
1.0
1.0
1.0
1.0
1.0
1.0
1.0
1.0
1.0
1.0
1.0
1.0
1.0
1.0
1.0
1.0
1.0
1.0
1.0
1.0
1.0
1.0
1.0
1.0
1.0
1.0
1.0
1.0
1.0
1.0
1.0
1.0
1.0
1.0
1.0
1.0
1.0
1.0
1.0
1.0
1.0
1.0
1.0
1.0
1.0
1.0
1.0
1.0
1.0
1.0
1.0
1.0
1.0
1.0
1.0
1.0
1.0
1.0
1.0
1.0
1.0
1.0
1.0
1.0
1.0
1.0
1.0
1.0
1.0
1.0
1.0
1.0
1.0
1.0
1.0
1.0
1.0
1.0
1.0
1.0
1.0
1.0
1.0
1.0
1.0
1.0
1.0
1.0
1.0
1.0
1.0
1.0
1.0
1.0
1.0
1.0
1.0
1.0
1.0
1.0
1.0
1.0
1.0
1.0
1.0
1.0
1.0
1.0
1.0
1.0
1.0
1.0
1.0
1.0
1.0
1.0
1.0
1.0
1.0
1.0
1.0
1.0
1.0
1.0
1.0
1.0
1.0
1.0
1.0
1.0
1.0
1.0
1.0
1.0
1.0
1.0
1.0
1.0
1.0
1.0
1.0
1.0
1.0
1.0
1.0
1.0
1.0
1.0
1.0
1.0
1.0
1.0
1.0
1.0
1.0
1.0
1.0
1.0
1.0
1.0
1.0
1.0
1.0
1.0
1.0
1.0
1.0
1.0
1.0
1.0
1.0
1.0
1.0
1.0
1.0
1.0
1.0
1.0
1.0
1.0
1.0
1.0
1.0
1.0
1.0
1.0
1.0
1.0
1.0
1.0
1.0
1.0
1.0
1.0
1.0
1.0
1.0
1.0
1.0
1.0
1.0
1.0
1.0
1.0
1.0
1.0
1.0
1.0
1.0
1.0
1.0
1.0
1.0
1.0
1.0
1.0
1.0
1.0
1.0
1.0
1.0
1.0
1.0
1.0
1.0
1.0
1.0
1.0
1.0
1.0
1.0
1.0
1.0
1.0
1.0
1.0
1.0
1.0
1.0
1.0
1.0
1.0
1.0
1.0
1.0
1.0
1.0
1.0
1.0
1.0
1.0
1.0
1.0
1.0
1.0
1.0
1.0
1.0
1.0
1.0
1.0
1.0
1.0
1.0
1.0
1.0
1.0
1.0
1.0
1.0
1.0
1.0
1.0
1.0
1.0
1.0
1.0
1.0
1.0
1.0
1.0
1.0
1.0
1.0
1.0
1.0
1.0
1.0
1.0
1.0
1.0
1.0
1.0
1.0
1.0
1.0
1.0
1.0
1.0
1.0
1.0
1.0
1.0
1.0
1.0
1.0
1.0
1.0
1.0
1.0
1.0
1.0
1.0
1.0
1.0
1.0
1.0
1.0
1.0
1.0
1.0
1.0
1.0
1.0
1.0
1.0
1.0
1.0
1.0
1.0
1.0
1.0
1.0
1.0
1.0
1.0
1.0
1.0
1.0
1.0
1.0
1.0
1.0
1.0
1.0
1.0
1.0
1.0
1.0
1.0
1.0
1.0
1.0
1.0
1.0
1.0
1.0
1.0
1.0
1.0
1.0
1.0
1.0
1.0
1.0
1.0
1.0
1.0
1.0
1.0
1.0
1.0
1.0
1.0
1.0
1.0
1.0
1.0
1.0
1.0
1.0
1.0
1.0
1.0
1.0
1.0
1.0
1.0
1.0
1.0
1.0
1.0
1.0
1.0
1.0
1.0
1.0
1.0
1.0
1.0
1.0
1.0
1.0
1.0
1.0
1.0
1.0
1.0
1.0
1.0
1.0
1.0
1.0
1.0
1.0
1.0
1.0
1.0
1.0
1.0
1.0
1.0
1.0
1.0
1.0
1.0
1.0
1.0
1.0
1.0
1.0
1.0
1.0
1.0
1.0
1.0
1.0
1.0
1.0
1.0
1.0
1.0
1.0
1.0
1.0
1.0
1.0
1.0
1.0
1.0
1.0
1.0
1.0
1.0
1.0
1.0
1.0
1.0
1.0
1.0
1.0
1.0
1.0
1.0
1.0
1.0
1.0
1.0
1.0
1.0
1.0
1.0
1.0
1.0
1.0
1.0
1.0
1.0
1.0
1.0
1.0
1.0
1.0
1.0
1.0
1.0
1.0
1.0
1.0
1.0
1.0
1.0
1.0
1.0
1.0
1.0
1.0
1.0
1.0
1.0
1.0
1.0
1.0
1.0
1.0
1.0
1.0
1.0
1.0
1.0
1.0
1.0
1.0
1.0
1.0
1.0
1.0
1.0
1.0
1.0
1.0
1.0
1.0
1.0
1.0
1.0
1.0
1.0
1.0
1.0
1.0
1.0
1.0
1.0
1.0
1.0
1.0
1.0
1.0
1.0
1.0
1.0
1.0
1.0
1.0
1.0
1.0
1.0
1.0
1.0
1.0
1.0
1.0
1.0
1.0
1.0
1.0
1.0
1.0
1.0
1.0
1.0
1.0
1.0
1.0
1.0
1.0
1.0
1.0
1.0
1.0
1.0
1.0
1.0
1.0
1.0
1.0
1.0
1.0
1.0
1.0
1.0
1.0
1.0
1.0
1.0
1.0
1.0
1.0
1.0
1.0
1.0
1.0
1.0
1.0
1.0
1.0
1.0
1.0
1.0
1.0
1.0
1.0
1.0
1.0
1.0
1.0
1.0
1.0
1.0
1.0
1.0
1.0
1.0
1.0
1.0
1.0
1.0
1.0
1.0
1.0
1.0
1.0
1.0
1.0
1.0
1.0
1.0
1.0
1.0
1.0
1.0
1.0
1.0
1.0
1.0
1.0
1.0
1.0
1.0
1.0
1.0
1.0
1.0
1.0
1.0
1.0
1.0
1.0
1.0
1.0
1.0
1.0
1.0
1.0
1.0
1.0
1.0
1.0
1.0
1.0
1.0
1.0
1.0
1.0
1.0
1.0
1.0
1.0
1.0
1.0
1.0
1.0
1.0
1.0
1.0
1.0
1.0
1.0
1.0
1.0
1.0
1.0
1.0
1.0
1.0
1.0
1.0
1.0
1.0
1.0
1.0
1.0
1.0
1.0
1.0
1.0
1.0
1.0
1.0
1.0
1.0
1.0
1.0
1.0
1.0
1.0
1.0
1.0
1.0
1.0
1.0
1.0
1.0
1.0
1.0
1.0
1.0
1.0
1.0
1.0
1.0
1.0
1.0
1.0
1.0
1.0
1.0
1.0
1.0
1.0
1.0
1.0
1.0
1.0
1.0
1.0
1.0
1.0
1.0
1.0
1.0
1.0
1.0
1.0
1.0
1.0
1.0
1.0
1.0
1.0
1.0
1.0
1.0
1.0
1.0
1.0
1.0
1.0
1.0
1.0
1.0
1.0
1.0
1.0
1.0
1.0
1.0
1.0
1.0
1.0
1.0
1.0
1.0
1.0
1.0
1.0
1.0
1.0
1.0
1.0
1.0
1.0
1.0
1.0
1.0
1.0
1.0
1.0
1.0
1.0
1.0
1.0
1.0
1.0
1.0
1.0
1.0
1.0
1.0
1.0
1.0
1.0
1.0
1.0
1.0
1.0
1.0
1.0
1.0
1.0
1.0
1.0
1.0
1.0
1.0
1.0
1.0
1.0
1.0
1.0
1.0
1.0
1.0
1.0
1.0
1.0
1.0
1.0
1.0
1.0
1.0
1.0
1.0
1.0
1.0
1.0
1.0
1.0
1.0
1.0
1.0
1.0
1.0
1.0
1.0
1.0
1.0
1.0
1.0
1.0
1.0
1.0
1.0
1.0
1.0
1.0
1.0
1.0
1.0
1.0
1.0
1.0
1.0
1.0
1.0
1.0
1.0
1.0
1.0
1.0
1.0
1.0
1.0
1.0
1.0
1.0
1.0
1.0
1.0
1.0
1.0
1.0
1.0
1.0
1.0
1.0
1.0
1.0
1.0
1.0
1.0
1.0
1.0
1.0
1.0
1.0
1.0
1.0
1.0
1.0
1.0
1.0
1.0
1.0
1.0
1.0
1.0
1.0
1.0
1.0
1.0
1.0
1.0
1.0
1.0
1.0
1.0
1.0
1.0
1.0
1.0
1.0
1.0
1.0
1.0
1.0
1.0
1.0
1.0
1.0
1.0
1.0
1.0
1.0
1.0
1.0
1.0
1.0
1.0
1.0
1.0
1.0
1.0
1.0
1.0
1.0
1.0
1.0
1.0
1.0
1.0
1.0
1.0
1.0
1.0
1.0
1.0
1.0
1.0
1.0
1.0
1.0
1.0
1.0
1.0
1.0
1.0
1.0
1.0
1.0
1.0
1.0
1.0
1.0
1.0
1.0
1.0
1.0
1.0
1.0
1.0
1.0
1.0
1.0
1.0
1.0
1.0
1.0
1.0
1.0
1.0
1.0
1.0
1.0
1.0
1.0
1.0
1.0
1.0
1.0
1.0
1.0
1.0
1.0
1.0
1.0
1.0
1.0
1.0
1.0
1.0
1.0
1.0
1.0
1.0
1.0
1.0
1.0
1.0
1.0
1.0
1.0
1.0
1.0
1.0
1.0
1.0
1.0
1.0
1.0
1.0
1.0
1.0
1.0
1.0
1.0
1.0
1.0
1.0
1.0
1.0
1.0
1.0
1.0
1.0
1.0
1.0
1.0
1.0
1.0
1.0
1.0
1.0
1.0
1.0
1.0
1.0
1.0
1.0
1.0
1.0
1.0
1.0
1.0
1.0
1.0
1.0
1.0
1.0
1.0
1.0
1.0
1.0
1.0
1.0
1.0
1.0
1.0
1.0
1.0
1.0
1.0
1.0
1.0
1.0
1.0
1.0
1.0
1.0
1.0
1.0
1.0
1.0
1.0
1.0
1.0
1.0
1.0
1.0
1.0
1.0
1.0
1.0
1.0
1.0
1.0
1.0
1.0
1.0
1.0
1.0
1.0
1.0
1.0
1.0
1.0
1.0
1.0
1.0
1.0
1.0
1.0
1.0
1.0
1.0
1.0
1.0
1.0
1.0
1.0
1.0
1.0
1.0
1.0
1.0
1.0
1.0
1.0
1.0
1.0
1.0
1.0
1.0
1.0
1.0
1.0
1.0
1.0
1.0
1.0
1.0
1.0
1.0
1.0
1.0
1.0
1.0
1.0
1.0
1.0
1.0
1.0
1.0
1.0
1.0
1.0
1.0
1.0
1.0
1.0
1.0
1.0
1.0
1.0
1.0
1.0
1.0
1.0
1.0
1.0
1.0
1.0
1.0
1.0
1.0
1.0
1.0
1.0
1.0
1.0
1.0
1.0
1.0
1.0
1.0
1.0
1.0
1.0
1.0
1.0
1.0
1.0
1.0
1.0
1.0
1.0
1.0
1.0
1.0
1.0
1.0
1.0
1.0
1.0
1.0
1.0
1.0
1.0
1.0
1.0
1.0
1.0
1.0
1.0
1.0
1.0
1.0
1.0
1.0
1.0
1.0
1.0
1.0
1.0
1.0
1.0
1.0
1.0
1.0
1.0
1.0
1.0
1.0
1.0
1.0
1.0
1.0
1.0
1.0
1.0
1.0
1.0
1.0
1.0
1.0
1.0
1.0
1.0
1.0
1.0
1.0
1.0
1.0
1.0
1.0
1.0
1.0
1.0
1.0
1.0
1.0
1.0
1.0
1.0
1.0
1.0
1.0
1.0
1.0
1.0
1.0
1.0
1.0
1.0
1.0
1.0
1.0
1.0
1.0
1.0
1.0
1.0
1.0
1.0
1.0
1.0
1.0
1.0
1.0
1.0
1.0
1.0
1.0
1.0
1.0
1.0
1.0
1.0
1.0
1.0
1.0
1.0
1.0
1.0
1.0
1.0
1.0
1.0
1.0
1.0
1.0
1.0
1.0
1.0
1.0
1.0
1.0
1.0
1.0
1.0
1.0
1.0
1.0
1.0
1.0
1.0
1.0
1.0
1.0
1.0
1.0
1.0
1.0
1.0
1.0
1.0
1.0
1.0
1.0
1.0
1.0
1.0
1.0
1.0
1.0
1.0
1.0
1.0
1.0
1.0
1.0
1.0
1.0
1.0
1.0
1.0
1.0
1.0
1.0
1.0
1.0
1.0
1.0
1.0
1.0
1.0
1.0
1.0
1.0
1.0
1.0
1.0
1.0
1.0
1.0
1.0
1.0
1.0
1.0
1.0
1.0
1.0
1.0
1.0
1.0
1.0
1.0
1.0
1.0
1.0
1.0
1.0
1.0
1.0
1.0
1.0
1.0
1.0
1.0
1.0
1.0
1.0
1.0
1.0
1.0
1.0
1.0
1.0
1.0
1.0
1.0
1.0
1.0
1.0
1.0
1.0
1.0
1.0
1.0
1.0
1.0
1.0
1.0
1.0
1.0
1.0
1.0
1.0
1.0
1.0
1.0
1.0
1.0
1.0
1.0
1.0
1.0
1.0
1.0
1.0
1.0
1.0
1.0
1.0
1.0
1.0
1.0
1.0
1.0
1.0
1.0
1.0
1.0
1.0
1.0
1.0
1.0
1.0
1.0
1.0
1.0
1.0
1.0
1.0
1.0
1.0
1.0
1.0
1.0
1.0
1.0
1.0
1.0
1.0
1.0
1.0
1.0
1.0
1.0
1.0
1.0
1.0
1.0
1.0
1.0
1.0
1.0
1.0
1.0
1.0
1.0
1.0
1.0
1.0
1.0
1.0
1.0
1.0
1.0
1.0
1.0
1.0
1.0
1.0
1.0
1.0
1.0
1.0
1.0
1.0
1.0
1.0
1.0
1.0
1.0
1.0
1.0
1.0
1.0
1.0
1.0
1.0
1.0
1.0
1.0
1.0
1.0
1.0
1.0
1.0
1.0
1.0
1.0
1.0
1.0
1.0
1.0
1.0
1.0
1.0
1.0
1.0
1.0
1.0
1.0
1.0
1.0
1.0
1.0
1.0
1.0
1.0
1.0
1.0
1.0
1.0
1.0
1.0
1.0
1.0
1.0
1.0
1.0
1.0
1.0
1.0
1.0
1.0
1.0
1.0
1.0
1.0
1.0
1.0
1.0
1.0
1.0
1.0
1.0
1.0
1.0
1.0
1.0
1.0
1.0
1.0
1.0
1.0
1.0
1.0
1.0
1.0
1.0
1.0
1.0
1.0
1.0
1.0
1.0
1.0
1.0
1.0
1.0
1.0
1.0
1.0
1.0
1.0
1.0
1.0
1.0
1.0
1.0
1.0
1.0
1.0
1.0
1.0
1.0
1.0
1.0
1.0
1.0
1.0
1.0
1.0
1.0
1.0
1.0
1.0
1.0
1.0
1.0
1.0
1.0
1.0
1.0
1.0
1.0
1.0
1.0
1.0
1.0
1.0
1.0
1.0
1.0
1.0
1.0
1.0
1.0
1.0
1.0
1.0
1.0
1.0
1.0
1.0
1.0
1.0
1.0
1.0
1.0
1.0
1.0
1.0
1.0
1.0
1.0
1.0
1.0
1.0
1.0
1.0
1.0
1.0
1.0
1.0
1.0
1.0
1.0
1.0
1.0
1.0
1.0
1.0
1.0
1.0
1.0
1.0
1.0
1.0
1.0
1.0
1.0
1.0
1.0
1.0
1.0
1.0
1.0
1.0
1.0
1.0
1.0
1.0
1.0
1.0
1.0
1.0
1.0
1.0
1.0
1.0
1.0
1.0
1.0
1.0
1.0
1.0
1.0
1.0
1.0
1.0
1.0
1.0
1.0
1.0
1.0
1.0
1.0
1.0
1.0
1.0
1.0
1.0
1.0
1.0
1.0
1.0
1.0
1.0
1.0
1.0
1.0
1.0
1.0
1.0
1.0
1.0
1.0
1.0
1.0
1.0
1.0
1.0
1.0
1.0
1.0
1.0
1.0
1.0
1.0
1.0
1.0
1.0
1.0
1.0
1.0
1.0
1.0
1.0
1.0
1.0
1.0
1.0
1.0
1.0
1.0
1.0
1.0
1.0
1.0
1.0
1.0
1.0
1.0
1.0
1.0
1.0
1.0
1.0
1.0
1.0
1.0
1.0
1.0
1.0
1.0
1.0
1.0
1.0
1.0
1.0
1.0
1.0
1.0
1.0
1.0
1.0
1.0
1.0
1.0
1.0
1.0
1.0
1.0
1.0
1.0
1.0
1.0
1.0
1.0
1.0
1.0
1.0
1.0
1.0
1.0
1.0
1.0
1.0
1.0
1.0
1.0
1.0
1.0
1.0
1.0
1.0
1.0
1.0
1.0
1.0
1.0
1.0
1.0
1.0
1.0
1.0
1.0
1.0
1.0
1.0
1.0
1.0
1.0
1.0
1.0
1.0
1.0
1.0
1.0
1.0
1.0
1.0
1.0
1.0
1.0
1.0
1.0
1.0
1.0
1.0
1.0
1.0
1.0
1.0
1.0
1.0
1.0
1.0
1.0
1.0
1.0
1.0
1.0
1.0
1.0
1.0
1.0
1.0
1.0
1.0
1.0
1.0
1.0
1.0
1.0
1.0
1.0
1.0
1.0
1.0
1.0
1.0
1.0
1.0
1.0
1.0
1.0
1.0
1.0
1.0
1.0
1.0
1.0
1.0
1.0
1.0
1.0
1.0
1.0
1.0
1.0
1.0
1.0
1.0
1.0
1.0
1.0
1.0
1.0
1.0
1.0
1.0
1.0
1.0
1.0
1.0
1.0
1.0
1.0
1.0
1.0
1.0
1.0
1.0
1.0
1.0
1.0
1.0
1.0
1.0
1.0
1.0
1.0
1.0
1.0
1.0
1.0
1.0
1.0
1.0
1.0
1.0
1.0
1.0
1.0
1.0
1.0
1.0
1.0
1.0
1.0
1.0
1.0
1.0
1.0
1.0
1.0
1.0
1.0
1.0
1.0
1.0
1.0
1.0
1.0
1.0
1.0
1.0
1.0
1.0
1.0
1.0
1.0
1.0
1.0
1.0
1.0
1.0
1.0
1.0
1.0
1.0
1.0
1.0
1.0
1.0
1.0
1.0
1.0
1.0
1.0
1.0
1.0
1.0
1.0
1.0
1.0
1.0
1.0
1.0
1.0
1.0
1.0
1.0
1.0
1.0
1.0
1.0
1.0
1.0
1.0
1.0
1.0
1.0
1.0
1.0
1.0
1.0
1.0
1.0
1.0
1.0
1.0
1.0
1.0
1.0
1.0
1.0
1.0
1.0
1.0
1.0
1.0
1.0
1.0
1.0
1.0
1.0
1.0
1.0
1.0
1.0
1.0
1.0
1.0
1.0
1.0
1.0
1.0
1.0
1.0
1.0
1.0
1.0
1.0
1.0
1.0
1.0
1.0
1.0
1.0
1.0
1.0
1.0
1.0
1.0
1.0
1.0
1.0
1.0
1.0
1.0
1.0
1.0
1.0
1.0
1.0
1.0
1.0
1.0
1.0
1.0
1.0
1.0
1.0
1.0
1.0
1.0
1.0
1.0
1.0
1.0
1.0
1.0
1.0
1.0
1.0
1.0
1.0
1.0
1.0
1.0
1.0
1.0
1.0
1.0
1.0
1.0
1.0
1.0
1.0
1.0
1.0
1.0
1.0
1.0
1.0
1.0
1.0
1.0
1.0
1.0
1.0
1.0
1.0
1.0
1.0
1.0
1.0
1.0
1.0
1.0
1.0
1.0
1.0
1.0
1.0
1.0
1.0
1.0
1.0
1.0
1.0
1.0
1.0
1.0
1.0
1.0
1.0
1.0
1.0
1.0
1.0
1.0
1.0
1.0
1.0
1.0
1.0
1.0
1.0
1.0
1.0
1.0
1.0
1.0
1.0
1.0
1.0
1.0
1.0
1.0
1.0
1.0
1.0
1.0
1.0
1.0
1.0
1.0
1.0
1.0
1.0
1.0
1.0
1.0
1.0
1.0
1.0
1.0
1.0
1.0
1.0
1.0
1.0
1.0
1.0
1.0
1.0
1.0
1.0
1.0
1.0
1.0
1.0
1.0
1.0
1.0
1.0
1.0
1.0
1.0
1.0
1.0
1.0
1.0
1.0
1.0
1.0
1.0
1.0
1.0
1.0
1.0
1.0
1.0
1.0
1.0
1.0
1.0
1.0
1.0
1.0
1.0
1.0
1.0
1.0
1.0
1.0
1.0
1.0
1.0
1.0
1.0
1.0
1.0
1.0
1.0
1.0
1.0
1.0
1.0
1.0
1.0
1.0
1.0
1.0
1.0
1.0
1.0
1.0
1.0
1.0
1.0
1.0
1.0
1.0
1.0
1.0
1.0
1.0
1.0
1.0
1.0
1.0
1.0
1.0
1.0
1.0
1.0
1.0
1.0
1.0
1.0
1.0
1.0
1.0
1.0
1.0
1.0
1.0
1.0
1.0
1.0
1.0
1.0
1.0
1.0
1.0
1.0
1.0
1.0
1.0
1.0
1.0
1.0
1.0
1.0
1.0
1.0
1.0
1.0
1.0
1.0
1.0
1.0
1.0
1.0
1.0
1.0
1.0
1.0
1.0
1.0
1.0
1.0
1.0
1.0
1.0
1.0
1.0
1.0
1.0
1.0
1.0
1.0
1.0
1.0
1.0
1.0
1.0
1.0
1.0
1.0
1.0
1.0
1.0
1.0
1.0
1.0
1.0
1.0
1.0
1.0
1.0
1.0
1.0
1.0
1.0
1.0
1.0
1.0
1.0
1.0
1.0
1.0
1.0
1.0
1.0
1.0
1.0
1.0
1.0
1.0
1.0
1.0
1.0
1.0
1.0
1.0
1.0
1.0
1.0
1.0
1.0
1.0
1.0
1.0
1.0
1.0
1.0
1.0
1.0
1.0
1.0
1.0
1.0
1.0
1.0
1.0
1.0
1.0
1.0
1.0
1.0
1.0
1.0
1.0
1.0
1.0
1.0
1.0
1.0
1.0
1.0
1.0
1.0
1.0
1.0
1.0
1.0
1.0
1.0
1.0
1.0
1.0
1.0
1.0
1.0
1.0
1.0
1.0
1.0
1.0
1.0
1.0
1.0
1.0
1.0
1.0
1.0
1.0
1.0
1.0
1.0
1.0
1.0
1.0
1.0
1.0
1.0
1.0
1.0
1.0
1.0
1.0
1.0
1.0
1.0
1.0
1.0
1.0
1.0
1.0
1.0
1.0
1.0
1.0
1.0
1.0
1.0
1.0
1.0
1.0
1.0
1.0
1.0
1.0
1.0
1.0
1.0
1.0
1.0
1.0
1.0
1.0
1.0
1.0
1.0
1.0
1.0
1.0
1.0
1.0
1.0
1.0
1.0
1.0
1.0
1.0
1.0
1.0
1.0
1.0
1.0
1.0
1.0
1.0
1.0
1.0
1.0
1.0
1.0
1.0
1.0
1.0
1.0
1.0
1.0
1.0
1.0
1.0
1.0
1.0
1.0
1.0
1.0
1.0
1.0
1.0
1.0
1.0
1.0
1.0
1.0
1.0
1.0
1.0
1.0
1.0
1.0
1.0
1.0
1.0
1.0
1.0
1.0
1.0
1.0
1.0
1.0
1.0
1.0
1.0
1.0
1.0
1.0
1.0
1.0
1.0
1.0
1.0
1.0
1.0
1.0
1.0
1.0
1.0
1.0
1.0
1.0
1.0
1.0
1.0
1.0
1.0
1.0
1.0
1.0
1.0
1.0
1.0
1.0
1.0
1.0
1.0
1.0
1.0
1.0
1.0
1.0
1.0
1.0
1.0
1.0
1.0
1.0
1.0
1.0
1.0
1.0
1.0
1.0
1.0
1.0
1.0
1.0
1.0
1.0
1.0
1.0
1.0
1.0
1.0
1.0
1.0
1.0
1.0
1.0
1.0
1.0
1.0
1.0
1.0
1.0
1.0
1.0
1.0
1.0
1.0
1.0
1.0
1.0
1.0
1.0
1.0
1.0
1.0
1.0
1.0
1.0
1.0
1.0
1.0
1.0
1.0
1.0
1.0
1.0
1.0
1.0
1.0
1.0
1.0
1.0
1.0
1.0
1.0
1.0
1.0
1.0
1.0
1.0
1.0
1.0
1.0
1.0
1.0
1.0
1.0
1.0
1.0
1.0
1.0
1.0
1.0
1.0
1.0
1.0
1.0
1.0
1.0
1.0
1.0
1.0
1.0
1.0
1.0
1.0
1.0
1.0
1.0
1.0
1.0
1.0
1.0
1.0
1.0
1.0
1.0
1.0
1.0
1.0
1.0
1.0
1.0
1.0
1.0
1.0
1.0
1.0
1.0
1.0
1.0
1.0
1.0
1.0
1.0
1.0
1.0
1.0
1.0
1.0
1.0
1.0
1.0
1.0
1.0
1.0
1.0
1.0
1.0
1.0
1.0
1.0
1.0
1.0
1.0
1.0
1.0
1.0
1.0
1.0
1.0
1.0
1.0
1.0
1.0
1.0
1.0
1.0
1.0
1.0
1.0
1.0
1.0
1.0
1.0
1.0
1.0
1.0
1.0
1.0
1.0
1.0
1.0
1.0
1.0
1.0
1.0
1.0
1.0
1.0
1.0
1.0
1.0
1.0
1.0
1.0
1.0
1.0
1.0
1.0
1.0
1.0
1.0
1.0
1.0
1.0
1.0
1.0
1.0
1.0
1.0
1.0
1.0
1.0
1.0
1.0
1.0
1.0
1.0
1.0
1.0
1.0
1.0
1.0
1.0
1.0
1.0
1.0
1.0
1.0
1.0
1.0
1.0
1.0
1.0
1.0
1.0
1.0
1.0
1.0
1.0
1.0
1.0
1.0
1.0
1.0
1.0
1.0
1.0
1.0
1.0
1.0
1.0
1.0
1.0
1.0
1.0
1.0
1.0
1.0
1.0
1.0
1.0
1.0
1.0
1.0
1.0
1.0
1.0
1.0
1.0
1.0
1.0
1.0
1.0
1.0
1.0
1.0
1.0
1.0
1.0
1.0
1.0
1.0
1.0
1.0
1.0
1.0
1.0
1.0
1.0
1.0
1.0
1.0
1.0
1.0
1.0
1.0
1.0
1.0
1.0
1.0
1.0
1.0
1.0
1.0
1.0
1.0
1.0
1.0
1.0
1.0
1.0
1.0
1.0
1.0
1.0
1.0
1.0
1.0
1.0
1.0
1.0
1.0
1.0
1.0
1.0
1.0
1.0
1.0
1.0
1.0
1.0
1.0
1.0
1.0
1.0
1.0
1.0
1.0
1.0
1.0
1.0
1.0
1.0
1.0
1.0
1.0
1.0
1.0
1.0
1.0
1.0
1.0
1.0
1.0
1.0
1.0
1.0
1.0
1.0
1.0
1.0
1.0
1.0
1.0
1.0
1.0
1.0
1.0
1.0
1.0
1.0
1.0
1.0
1.0
1.0
1.0
1.0
1.0
1.0
1.0
1.0
1.0
1.0
1.0
1.0
1.0
1.0
1.0
1.0
1.0
1.0
1.0
1.0
1.0
1.0
1.0
1.0
1.0
1.0
1.0
1.0
1.0
1.0
1.0
1.0
1.0
1.0
1.0
1.0
1.0
1.0
1.0
1.0
1.0
1.0
1.0
1.0
1.0
1.0
1.0
1.0
1.0
1.0
1.0
1.0
1.0
1.0
1.0
1.0
1.0
1.0
1.0
1.0
1.0
1.0
1.0
1.0
1.0
1.0
1.0
1.0
1.0
1.0
1.0
1.0
1.0
1.0
1.0
1.0
1.0
1.0
1.0
1.0
1.0
1.0
1.0
1.0
1.0
1.0
1.0
1.0
1.0
1.0
1.0
1.0
1.0
1.0
1.0
1.0
1.0
1.0
1.0
1.0
1.0
1.0
1.0
1.0
1.0
1.0
1.0
1.0
1.0
1.0
1.0
1.0
1.0
1.0
1.0
1.0
1.0
1.0
1.0
1.0
1.0
1.0
1.0
1.0
1.0
1.0
1.0
1.0
1.0
1.0
1.0
1.0
1.0
1.0
1.0
1.0
1.0
1.0
1.0
1.0
1.0
1.0
1.0
1.0
1.0
1.0
1.0
1.0
1.0
1.0
1.0
1.0
1.0
1.0
1.0
1.0
1.0
1.0
1.0
1.0
1.0
1.0
1.0
1.0
1.0
1.0
1.0
1.0
1.0
1.0
1.0
1.0
1.0
1.0
1.0
1.0
1.0
1.0
1.0
1.0
1.0
1.0
1.0
1.0
1.0
1.0
1.0
1.0
1.0
1.0
1.0
1.0
1.0
1.0
1.0
1.0
1.0
1.0
1.0
1.0
1.0
1.0
1.0
1.0
1.0
1.0
1.0
1.0
1.0
1.0
1.0
1.0
1.0
1.0
1.0
1.0
1.0
1.0
1.0
1.0
1.0
1.0
1.0
1.0
1.0
1.0
1.0
1.0
1.0
1.0
1.0
1.0
1.0
1.0
1.0
1.0
1.0
1.0
1.0
1.0
1.0
1.0
1.0
1.0
1.0
1.0
1.0
1.0
1.0
1.0
1.0
1.0
1.0
1.0
1.0
1.0
1.0
1.0
1.0
1.0
1.0
1.0
1.0
1.0
1.0
1.0
1.0
1.0
1.0
1.0
1.0
1.0
1.0
1.0
1.0
1.0
1.0
1.0
1.0
1.0
1.0
1.0
1.0
1.0
1.0
1.0
1.0
1.0
1.0
1.0
1.0
1.0
1.0
1.0
1.0
1.0
1.0
1.0
1.0
1.0
1.0
1.0
1.0
1.0
1.0
1.0
1.0
1.0
1.0
1.0
1.0
1.0
1.0
1.0
1.0
1.0
1.0
1.0
1.0
1.0
1.0
1.0
1.0
1.0
1.0
1.0
1.0
1.0
1.0
1.0
1.0
1.0
1.0
1.0
1.0
1.0
1.0
1.0
1.0
1.0
1.0
1.0
1.0
1.0
1.0
1.0
1.0
1.0
1.0
1.0
1.0
1.0
1.0
1.0
1.0
1.0
1.0
1.0
1.0
1.0
1.0
1.0
1.0
1.0
1.0
1.0
1.0
1.0
1.0
1.0
1.0
1.0
1.0
1.0
1.0
1.0
1.0
1.0
1.0
1.0
1.0
1.0
1.0
1.0
1.0
1.0
1.0
1.0
1.0
1.0
1.0
1.0
1.0
1.0
1.0
1.0
1.0
1.0
1.0
1.0
1.0
1.0
1.0
1.0
1.0
1.0
1.0
1.0
1.0
1.0
1.0
1.0
1.0
1.0
1.0
1.0
1.0
1.0
1.0
1.0
1.0
1.0
1.0
1.0
1.0
1.0
1.0
1.0
1.0
1.0
1.0
1.0
1.0
1.0
1.0
1.0
1.0
1.0
1.0
1.0
1.0
1.0
1.0
1.0
1.0
1.0
1.0
1.0
1.0
1.0
1.0
1.0
1.0
1.0
1.0
1.0
1.0
1.0
1.0
1.0
1.0
1.0
1.0
1.0
1.0
1.0
1.0
1.0
1.0
1.0
1.0
1.0
1.0
1.0
1.0
1.0
1.0
1.0
1.0
1.0
1.0
1.0
1.0
1.0
1.0
1.0
1.0
1.0
1.0
1.0
1.0
1.0
1.0
1.0
1.0
1.0
1.0
1.0
1.0
1.0
1.0
1.0
1.0
1.0
1.0
1.0
1.0
1.0
1.0
1.0
1.0
1.0
1.0
1.0
1.0
1.0
1.0
1.0
1.0
1.0
1.0
1.0
1.0
1.0
1.0
1.0
1.0
1.0
1.0
1.0
1.0
1.0
1.0
1.0
1.0
1.0
1.0
1.0
1.0
1.0
1.0
1.0
1.0
1.0
1.0
1.0
1.0
1.0
1.0
1.0
1.0
1.0
1.0
1.0
1.0
1.0
1.0
1.0
1.0
1.0
1.0
1.0
1.0
1.0
1.0
1.0
1.0
1.0
1.0
1.0
1.0
1.0
1.0
1.0
1.0
1.0
1.0
1.0
1.0
1.0
1.0
1.0
1.0
1.0
1.0
1.0
1.0
1.0
1.0
1.0
1.0
1.0
1.0
1.0
1.0
1.0
1.0
1.0
1.0
1.0
1.0
1.0
1.0
1.0
1.0
1.0
1.0
1.0
1.0
1.0
1.0
1.0
1.0
1.0
1.0
1.0
1.0
1.0
1.0
1.0
1.0
1.0
1.0
1.0
1.0
1.0
1.0
1.0
1.0
1.0
1.0
1.0
1.0
1.0
1.0
1.0
1.0
1.0
1.0
1.0
1.0
1.0
1.0
1.0
1.0
1.0
1.0
1.0
1.0
1.0
1.0
1.0
1.0
1.0
1.0
1.0
1.0
1.0
1.0
1.0
1.0
1.0
1.0
1.0
1.0
1.0
1.0
1.0
1.0
1.0
1.0
1.0
1.0
1.0
1.0
1.0
1.0
1.0
1.0
1.0
1.0
1.0
1.0
1.0
1.0
1.0
1.0
1.0
1.0
1.0
1.0
1.0
1.0
1.0
1.0
1.0
1.0
1.0
1.0
1.0
1.0
1.0
1.0
1.0
1.0
1.0
1.0
1.0
1.0
1.0
1.0
1.0
1.0
1.0
1.0
1.0
1.0
1.0
1.0
1.0
1.0
1.0
1.0
1.0
1.0
1.0
1.0
1.0
1.0
1.0
1.0
1.0
1.0
1.0
1.0
1.0
1.0
1.0
1.0
1.0
1.0
1.0
1.0
1.0
1.0
1.0
1.0
1.0
1.0
1.0
1.0
1.0
1.0
1.0
1.0
1.0
1.0
1.0
1.0
1.0
1.0
1.0
1.0
1.0
1.0
1.0
1.0
1.0
1.0
1.0
1.0
1.0
1.0
1.0
1.0
1.0
1.0
1.0
1.0
1.0
1.0
1.0
1.0
1.0
1.0
1.0
1.0
1.0
1.0
1.0
1.0
1.0
1.0
1.0
1.0
1.0
1.0
1.0
1.0
1.0
1.0
1.0
1.0
1.0
1.0
1.0
1.0
1.0
1.0
1.0
1.0
1.0
1.0
1.0
1.0
1.0
1.0
1.0
1.0
1.0
1.0
1.0
1.0
1.0
1.0
1.0
1.0
1.0
1.0
1.0
1.0
1.0
1.0
1.0
1.0
1.0
1.0
1.0
1.0
1.0
1.0
1.0
1.0
1.0
1.0
1.0
1.0
1.0
1.0
1.0
1.0
1.0
1.0
1.0
1.0
1.0
1.0
1.0
1.0
1.0
1.0
1.0
1.0
1.0
1.0
1.0
1.0
1.0
1.0
1.0
1.0
1.0
1.0
1.0
1.0
1.0
1.0
1.0
1.0
1.0
1.0
1.0
1.0
1.0
1.0
1.0
1.0
1.0
1.0
1.0
1.0
1.0
1.0
1.0
1.0
1.0
1.0
1.0
1.0
1.0
1.0
1.0
1.0
1.0
1.0
1.0
1.0
1.0
1.0
1.0
1.0
1.0
1.0
1.0
1.0
1.0
1.0
1.0
1.0
1.0
1.0
1.0
1.0
1.0
1.0
1.0
1.0
1.0
1.0
1.0
1.0
1.0
1.0
1.0
1.0
1.0
1.0
1.0
1.0
1.0
1.0
1.0
1.0
1.0
1.0
1.0
1.0
1.0
1.0
1.0
1.0
1.0
1.0
1.0
1.0
1.0
1.0
1.0
1.0
1.0
1.0
1.0
1.0
1.0
1.0
1.0
1.0
1.0
1.0
1.0
1.0
1.0
1.0
1.0
1.0
1.0
1.0
1.0
1.0
1.0
1.0
1.0
1.0
1.0
1.0
1.0
1.0
1.0
1.0
1.0
1.0
1.0
1.0
1.0
1.0
1.0
1.0
1.0
1.0
1.0
1.0
1.0
1.0
1.0
1.0
1.0
1.0
1.0
1.0
1.0
1.0
1.0
1.0
1.0
1.0
1.0
1.0
1.0
1.0
1.0
1.0
1.0
1.0
1.0
1.0
1.0
1.0
1.0
1.0
1.0
1.0
1.0
1.0
1.0
1.0
1.0
1.0
1.0
1.0
1.0
1.0
1.0
1.0
1.0
1.0
1.0
1.0
1.0
1.0
1.0
1.0
1.0
1.0
1.0
1.0
1.0
1.0
1.0
1.0
1.0
1.0
1.0
1.0
1.0
1.0
1.0
1.0
1.0
1.0
1.0
1.0
1.0
1.0
1.0
1.0
1.0
1.0
1.0
1.0
1.0
1.0
1.0
1.0
1.0
1.0
1.0
1.0
1.0
1.0
1.0
1.0
1.0
1.0
1.0
1.0
1.0
1.0
1.0
1.0
1.0
1.0
1.0
1.0
1.0
1.0
1.0
1.0
1.0
1.0
1.0
1.0
1.0
1.0
1.0
1.0
1.0
1.0
1.0
1.0
1.0
1.0
1.0
1.0
1.0
1.0
1.0
1.0
1.0
1.0
1.0
1.0
1.0
1.0
1.0
1.0
1.0
1.0
1.0
1.0
1.0
1.0
1.0
1.0
1.0
1.0
1.0
1.0
1.0
1.0
1.0
1.0
1.0
1.0
1.0
1.0
1.0
1.0
1.0
1.0
1.0
1.0
1.0
1.0
1.0
1.0
1.0
1.0
1.0
1.0
1.0
1.0
1.0
1.0
1.0
1.0
1.0
1.0
1.0
1.0
1.0
1.0
1.0
1.0
1.0
1.0
1.0
1.0
1.0
1.0
1.0
1.0
1.0
1.0
1.0
1.0
1.0
1.0
1.0
1.0
1.0
1.0
1.0
1.0
1.0
1.0
1.0
1.0
1.0
1.0
1.0
1.0
1.0
1.0
1.0
1.0
1.0
1.0
1.0
1.0
1.0
1.0
1.0
1.0
1.0
1.0
1.0
1.0
1.0
1.0
1.0
1.0
1.0
1.0
1.0
1.0
1.0
1.0
1.0
1.0
1.0
1.0
1.0
1.0
1.0
1.0
1.0
1.0
1.0
1.0
1.0
1.0
1.0
1.0
1.0
1.0
1.0
1.0
1.0
1.0
1.0
1.0
1.0
1.0
1.0
1.0
1.0
1.0
1.0
1.0
1.0
1.0
1.0
1.0
1.0
1.0
1.0
1.0
1.0
1.0
1.0
1.0
1.0
1.0
1.0
1.0
1.0
1.0
1.0
1.0
1.0
1.0
1.0
1.0
1.0
1.0
1.0
1.0
1.0
1.0
1.0
1.0
1.0
1.0
1.0
1.0
1.0
1.0
1.0
1.0
1.0
1.0
1.0
1.0
1.0
1.0
1.0
1.0
1.0
1.0
1.0
1.0
1.0
1.0
1.0
1.0
1.0
1.0
1.0
1.0
1.0
1.0
1.0
1.0
1.0
1.0
1.0
1.0
1.0
1.0
1.0
1.0
1.0
1.0
1.0
1.0
1.0
1.0
1.0
1.0
1.0
1.0
1.0
1.0
1.0
1.0
1.0
1.0
1.0
1.0
1.0
1.0
1.0
1.0
1.0
1.0
1.0
1.0
1.0
1.0
1.0
1.0
1.0
1.0
1.0
1.0
1.0
1.0
1.0
1.0
1.0
1.0
1.0
1.0
1.0
1.0
1.0
1.0
1.0
1.0
1.0
1.0
1.0
1.0
1.0
1.0
1.0
1.0
1.0
1.0
1.0
1.0
1.0
1.0
1.0
1.0
1.0
1.0
1.0
1.0
1.0
1.0
1.0
1.0
1.0
1.0
1.0
1.0
1.0
1.0
1.0
1.0
1.0
1.0
1.0
1.0
1.0
1.0
1.0
1.0
1.0
1.0
1.0
1.0
1.0
1.0
1.0
1.0
1.0
1.0
1.0
1.0
1.0
1.0
1.0
1.0
1.0
1.0
1.0
1.0
1.0
1.0
1.0
1.0
1.0
1.0
1.0
1.0
1.0
1.0
1.0
1.0
1.0
1.0
1.0
1.0
1.0
1.0
1.0
1.0
1.0
1.0
1.0
1.0
1.0
1.0
1.0
1.0
1.0
1.0
1.0
1.0
1.0
1.0
1.0
1.0
1.0
1.0
1.0
1.0
1.0
1.0
1.0
1.0
1.0
1.0
1.0
1.0
1.0
1.0
1.0
1.0
1.0
1.0
1.0
1.0
1.0
1.0
1.0
1.0
1.0
1.0
1.0
1.0
1.0
1.0
1.0
1.0
1.0
1.0
1.0
1.0
1.0
1.0
1.0
1.0
1.0
1.0
1.0
1.0
1.0
1.0
1.0
1.0
1.0
1.0
1.0
1.0
1.0
1.0
1.0
1.0
1.0
1.0
1.0
1.0
1.0
1.0
1.0
1.0
1.0
1.0
1.0
1.0
1.0
1.0
1.0
1.0
1.0
1.0
1.0
1.0
1.0
1.0
1.0
1.0
1.0
1.0
1.0
1.0
1.0
1.0
1.0
1.0
1.0
1.0
1.0
1.0
1.0
1.0
1.0
1.0
1.0
1.0
1.0
1.0
1.0
1.0
1.0
1.0
1.0
1.0
1.0
1.0
1.0
1.0
1.0
1.0
1.0
1.0
1.0
1.0
1.0
1.0
1.0
1.0
1.0
1.0
1.0
1.0
1.0
1.0
1.0
1.0
1.0
1.0
1.0
1.0
1.0
1.0
1.0
1.0
1.0
1.0
1.0
1.0
1.0
1.0
1.0
1.0
1.0
1.0
1.0
1.0
1.0
1.0
1.0
1.0
1.0
1.0
1.0
1.0
1.0
1.0
1.0
1.0
1.0
1.0
1.0
1.0
1.0
1.0
1.0
1.0
1.0
1.0
1.0
1.0
1.0
1.0
1.0
1.0
1.0
1.0
1.0
1.0
1.0
1.0
1.0
1.0
1.0
1.0
1.0
1.0
1.0
1.0
1.0
1.0
1.0
1.0
1.0
1.0
1.0
1.0
1.0
1.0
1.0
1.0
1.0
1.0
1.0
1.0
1.0
1.0
1.0
1.0
1.0
1.0
1.0
1.0
1.0
1.0
1.0
1.0
1.0
1.0
1.0
1.0
1.0
1.0
1.0
1.0
1.0
1.0
1.0
1.0
1.0
1.0
1.0
1.0
1.0
1.0
1.0
1.0
1.0
1.0
1.0
1.0
1.0
1.0
1.0
1.0
1.0
1.0
1.0
1.0
1.0
1.0
1.0
1.0
1.0
1.0
1.0
1.0
1.0
1.0
1.0
1.0
1.0
1.0
1.0
1.0
1.0
1.0
1.0
1.0
1.0
1.0
1.0
1.0
1.0
1.0
1.0
1.0
1.0
1.0
1.0
1.0
1.0
1.0
1.0
1.0
1.0
1.0
1.0
1.0
1.0
1.0
1.0
1.0
1.0
1.0
1.0
1.0
1.0
1.0
1.0
1.0
1.0
1.0
1.0
1.0
1.0
1.0
1.0
1.0
1.0
1.0
1.0
1.0
1.0
1.0
1.0
1.0
1.0
1.0
1.0
1.0
1.0
1.0
1.0
1.0
1.0
1.0
1.0
1.0
1.0
1.0
1.0
1.0
1.0
1.0
1.0
1.0
1.0
1.0
1.0
1.0
1.0
1.0
1.0
1.0
1.0
1.0
1.0
1.0
1.0
1.0
1.0
1.0
1.0
1.0
1.0
1.0
1.0
1.0
1.0
1.0
1.0
1.0
1.0
1.0
1.0
1.0
1.0
1.0
1.0
1.0
1.0
1.0
1.0
1.0
1.0
1.0
1.0
1.0
1.0
1.0
1.0
1.0
1.0
1.0
1.0
1.0
1.0
1.0
1.0
1.0
1.0
1.0
1.0
1.0
1.0
1.0
1.0
1.0
1.0
1.0
1.0
1.0
1.0
1.0
1.0
1.0
1.0
1.0
1.0
1.0
1.0
1.0
1.0
1.0
1.0
1.0
1.0
1.0
1.0
1.0
1.0
1.0
1.0
1.0
1.0
1.0
1.0
1.0
1.0
1.0
1.0
1.0
1.0
1.0
1.0
1.0
1.0
1.0
1.0
1.0
1.0
1.0
1.0
1.0
1.0
1.0
1.0
1.0
1.0
1.0
1.0
1.0
1.0
1.0
1.0
1.0
1.0
1.0
1.0
1.0
1.0
1.0
1.0
1.0
1.0
1.0
1.0
1.0
1.0
1.0
1.0
1.0
