2.3644925306598452e-07
6.783670301047096e-07
3.4535878512542695e-06
3.533523340593092e-06
3.3888275083882036e-06
3.388601498954813e-06
3.4077640975738177e-06
0.00014607141201850027
0.001629533595405519
0.001812629052437842
0.00181297876406461
0.0018140935571864247
0.001823875936679542
4.030477285255074e-08
0.0018121994799003005
0.0018127236980944872
0.002571631222963333
0.00013068673433735967
0.002671613357961178
0.0026716147549450397
0.0026716203428804874
0.002671624068170786
0.0026716303545981646
0.002671656431630254
0.002675538184121251
0.002348329173400998
0.002706965897232294
0.002678429475054145
0.0028859437443315983
0.003944901749491692
0.003941085655242205
0.003941074479371309
0.003941074479371309
0.003941074479371309
0.003941075876355171
0.003940674476325512
0.000120479533507023
8.462744881398976e-05
8.462744881398976e-05
8.462744881398976e-05
8.462744881398976e-05
8.462712867185473e-05
8.461893594358116e-05
8.376890764338896e-05
8.458030788460746e-05
1.7852368472404123e-08
8.484840509481728e-05
9.910720837069675e-05
8.794359746389091e-05
8.462688128929585e-05
8.461420657113194e-05
8.260810136562213e-05
8.45961258164607e-05
8.449815504718572e-05
8.449720189673826e-05
8.460906246909872e-05
8.462542609777302e-05
8.462744881398976e-05
8.462744881398976e-05
8.462761616101488e-05
8.463698759442195e-05
8.509414328727871e-05
0.003361113602295518
0.0033596602734178305
0.0044293878600001335
0.0044335247948765755
0.0044335247948765755
0.0044335247948765755
0.0044335247948765755
0.004433524329215288
0.004432246088981628
0.0044335247948765755
0.0044335247948765755
0.0044335247948765755
0.0044335247948765755
0.0044335247948765755
0.004433543886989355
0.0044342027977108955
0.006309392862021923
0.004434181377291679
0.004433551337569952
0.004433536436408758
0.0044335355050861835
0.004433528054505587
0.004433529917150736
0.0044335247948765755
0.0044335247948765755
0.0044335247948765755
0.0044335247948765755
0.0044335247948765755
0.004433520138263702
0.004414819646626711
0.0044335247948765755
0.0044335247948765755
0.0044335247948765755
0.0044335247948765755
0.0044335247948765755
0.0044335247948765755
0.004433526191860437
0.004433603025972843
0.004525863565504551
0.0044335247948765755
0.0044335247948765755
0.0044335247948765755
0.0044335247948765755
0.004426806233823299
0.0012928845826536417
0.004433527588844299
0.0044335247948765755
0.0044335247948765755
0.0044335247948765755
0.0044335247948765755
0.0044335247948765755
0.0044335247948765755
0.0044353073462843895
0.004579322878271341
0.004582756664603949
0.004582756664603949
0.004582756664603949
0.0045169927179813385
0.004582756664603949
0.004582756664603949
0.004582756664603949
0.0045837596990168095
0.0026201927103102207
0.0029865566175431013
0.004582756664603949
0.004582756664603949
0.004582756664603949
0.004582756664603949
0.004582756664603949
0.004582756198942661
0.004582756198942661
0.004582644440233707
0.004537686239928007
0.004582756664603949
0.004582756664603949
0.004582756664603949
0.0045827594585716724
0.004460983909666538
0.004582756664603949
0.004582756664603949
0.004582756664603949
0.004582756664603949
0.004582756664603949
0.0045827534049749374
0.004573893267661333
0.0007815656717866659
0.0009314189082942903
0.0007815657299943268
0.0007815657299943268
0.0007815657299943268
0.0007815657299943268
0.0007815657299943268
0.0007815657299943268
0.0007815657299943268
0.0007815657299943268
0.0007815657299943268
0.0007815657299943268
0.0007815663702785969
0.0007816048455424607
0.0007339809671975672
0.0014449688605964184
0.005268947687000036
0.0052689360454678535
0.005267136264592409
0.005240678321570158
0.005273790098726749
0.005280465818941593
0.005271268077194691
0.005269101820886135
0.005292392335832119
0.003642425173893571
0.0036959664430469275
0.002242499263957143
0.002242375398054719
0.002242394257336855
0.002243644092231989
0.004511257633566856
0.004674235358834267
0.004678663332015276
0.00454819668084383
0.004524314776062965
0.0045243059284985065
0.0045243059284985065
0.004524303134530783
0.0045237112790346146
0.004461700562387705
0.004518925677984953
0.004520924296230078
0.00452348031103611
0.004524181596934795
0.004966307431459427
0.004524301737546921
0.0045243059284985065
0.004524303134530783
0.004524018615484238
0.004504339769482613
0.0045243059284985065
0.0045243059284985065
0.0045243059284985065
0.0045243059284985065
0.0045243059284985065
0.0045243059284985065
0.0045243059284985065
0.0045243059284985065
0.0045243059284985065
0.0045243059284985065
0.0045243059284985065
0.0045243059284985065
0.0045243059284985065
0.004524805583059788
0.0045297881588339806
0.004521946422755718
0.0045243073254823685
0.0045243059284985065
0.004524305462837219
0.004524394869804382
0.004534557461738586
0.0045243059284985065
0.0045243059284985065
0.0045243059284985065
0.0045243059284985065
0.0045243059284985065
0.0045243059284985065
0.004524305462837219
0.004525077063590288
0.005101457703858614
0.00510071637108922
0.00510071637108922
0.00510071637108922
0.00510071637108922
0.00510071637108922
0.00510071637108922
0.005100726615637541
0.005102816037833691
0.005102377384901047
0.005452537909150124
0.005450385622680187
0.005450384691357613
0.005450384691357613
0.005450384691357613
0.005450384691357613
0.005450384691357613
0.005450384691357613
0.005301958415657282
0.005450377240777016
0.005450384225696325
0.005450385622680187
0.005450387950986624
0.005450351629406214
0.005428427364677191
0.004824354778975248
0.0048127020709216595
0.0033366261050105095
0.004784024320542812
0.0048244125209748745
0.004824508912861347
0.004824534058570862
0.00482495641335845
0.004827573429793119
0.005020963493734598
0.0022473318967968225
0.0022473318967968225
0.0022473318967968225
0.0022473318967968225
0.0022473318967968225
0.0022473318967968225
0.0022473318967968225
0.0022473318967968225
0.0022473318967968225
0.0022473318967968225
0.0022473318967968225
0.0022528397385030985
0.0040278322994709015
0.004030870273709297
0.004868282005190849
0.004027836490422487
0.004027836490422487
0.004027836490422487
0.004027836490422487
0.004027836490422487
0.004027836490422487
0.004027836490422487
0.004027836490422487
0.004027836490422487
0.004027836490422487
0.004027836490422487
0.004027961753308773
0.004154385067522526
0.004265655297785997
0.004103902727365494
0.004265651572495699
0.003663914743810892
0.0042656660079956055
0.0042656660079956055
0.0042656660079956055
0.0042656660079956055
0.0042656660079956055
0.0042656660079956055
0.004265665076673031
0.004265663214027882
0.00426565483212471
0.004265484865754843
0.004264344926923513
0.004292044788599014
0.004803230054676533
0.00479712150990963
0.004907037131488323
0.002896174555644393
0.0028961901552975178
0.002896191319450736
0.002896185265854001
0.002895382232964039
0.002886025235056877
0.0014681507600471377
0.0013862609630450606
0.0014681657776236534
0.0014681561151519418
0.0014673246769234538
0.0008547601755708456
0.0014681658940389752
0.0014681658940389752
0.0014681658940389752
0.0014681658940389752
0.0014681658940389752
0.0014681658940389752
0.0014681658940389752
0.001466316287405789
0.00025264223222620785
0.00025149379507638514
0.00025159635697491467
0.0003568868269212544
0.00035991627373732626
0.00035991627373732626
0.00035991627373732626
0.00035991627373732626
0.00035991595359519124
0.0002756330359261483
0.0003599132760427892
0.0003599144401960075
0.00035991595359519124
0.00035991595359519124
0.0003599156334530562
0.0003599144401960075
0.0003599102783482522
0.0003598971525207162
0.0003600850759539753
0.0003578174510039389
0.000362476275768131
0.0005871906760148704
0.0005872622132301331
0.0006483143079094589
0.0005913748173043132
0.0006411712965928018
0.0005872342153452337
0.0005872463225387037
0.0005872463225387037
0.0005872463225387037
0.0005872463225387037
0.0005872463225387037
0.0005872463225387037
0.0005872722831554711
6.191854481585324e-05
6.191854481585324e-05
6.191854481585324e-05
6.19181664660573e-05
5.323494769982062e-05
6.191859574755654e-05
6.191854481585324e-05
6.191854481585324e-05
6.191854481585324e-05
6.191854481585324e-05
6.191854481585324e-05
6.191854481585324e-05
6.191858847159892e-05
6.191321881487966e-05
6.191764259710908e-05
6.19185229879804e-05
6.192611181177199e-05
6.684069376206025e-05
0.00011647088103927672
0.00011647088103927672
0.00011647111386992037
0.0001164734858321026
0.00011647296923911199
0.00011643575271591544
0.00011646911298157647
0.00010222112177871168
0.00011647172505035996
0.00011647100473055616
0.00011647100473055616
0.00011647100473055616
0.00011647100473055616
0.00011647100473055616
0.00011647100473055616
0.00011647100473055616
0.00011647100473055616
0.00011647100473055616
0.00011647100473055616
0.00011647100473055616
0.00011647100473055616
0.00011640020966297016
0.00011566903413040563
0.0001165108333225362
5.56946724827867e-05
5.568892083829269e-05
5.568892083829269e-05
5.568892083829269e-05
5.56883096578531e-05
5.393452011048794e-05
0.0008495029760524631
0.0017656080890446901
0.0017669695662334561
0.001767652458511293
0.0017679936718195677
0.0017681120662018657
0.001768165035173297
0.0017682139296084642
0.0017682480392977595
0.001768347341567278
0.0017682514153420925
0.0017665167106315494
0.0017492477782070637
0.001765637774951756
0.0017681362805888057
0.0017683672485873103
0.0017683859914541245
0.00176838634070009
0.001768386224284768
0.0016876067966222763
0.0010944139212369919
0.001211796305142343
0.0018747737631201744
0.00036582662141881883
0.0003659178037196398
0.0003664027026388794
0.00034228837466798723
0.0003562328638508916
0.00036618858575820923
0.0002768591803032905
0.00036666839150711894
0.0003658877103589475
0.000294540892355144
1.4471573273056038e-08
1.4310359119917848e-08
1.4297344641533982e-08
1.4294918138091361e-08
1.4294426087246848e-08
1.4294345263010655e-08
1.4294290195948633e-08
1.429448026613045e-08
1.4295026495858565e-08
1.4304762707695318e-08
4.9567428504815325e-05
0.010328633710741997
0.010369139723479748
0.010843542404472828
0.014714029617607594
0.014731403440237045
0.014925464987754822
0.015024056658148766
0.015034613199532032
0.015035678632557392
0.015036707744002342
0.015041381120681763
0.015085751190781593
0.01516169123351574
0.0049127815291285515
0.005141105502843857
0.005143411923199892
0.0051544709131121635
0.005156009458005428
0.005595301743596792
0.005350939463824034
0.005158999934792519
0.005141579546034336
0.005140841472893953
0.005140814930200577
0.0051408191211521626
0.005141233094036579
0.02630504220724106
0.0013415260473266244
0.022645875811576843
0.022645844146609306
0.02264586091041565
0.02264585718512535
0.022645464166998863
0.02237086370587349
0.02264588326215744
0.022646041586995125
0.022861946374177933
6.069958402576958e-08
0.02264591120183468
0.022645877674221992
0.022645875811576843
0.022645875811576843
0.022645866498351097
0.02264920063316822
0.005366045515984297
0.02639888972043991
0.005142864305526018
0.00514077628031373
0.005139750428497791
0.008835813030600548
0.005105148535221815
0.004639340564608574
0.015035295858979225
0.015035420656204224
0.015035462565720081
0.01503546629101038
0.01503546629101038
0.015035477466881275
0.01503536943346262
0.015033422037959099
0.015005984343588352
0.015035430900752544
0.015035434626042843
0.0069205681793391705
0.00704575702548027
0.0070456648245453835
0.006924604997038841
0.00403594458475709
0.004035520367324352
0.004035520367324352
0.004035520367324352
0.004035519901663065
0.004035450052469969
0.004024149384349585
0.004035465884953737
0.00401749974116683
0.004071651957929134
0.0038704071193933487
0.003409880679100752
0.003871907014399767
0.0038719293661415577
0.003871978959068656
0.003942331299185753
0.003856574883684516
0.003871877444908023
0.0038719293661415577
0.0038719293661415577
0.0038719293661415577
0.0038718993309885263
0.0038421296048909426
0.0038719293661415577
0.0038719293661415577
0.0038719293661415577
0.003871925873681903
0.003871894208714366
0.003871586173772812
0.003867290448397398
0.0038343484047800303
0.003871538210660219
0.0038719247095286846
0.0038719293661415577
0.0038719293661415577
0.0038719293661415577
0.0038719293661415577
0.003871927037835121
0.0038427517283707857
0.0038719293661415577
0.003869409905746579
0.003871927037835121
0.0038719307631254196
0.0038719295989722013
0.003871951950713992
0.003872337518259883
0.005785977467894554
0.00403552083298564
0.004035520367324352
0.004035520367324352
0.004035218618810177
0.0037854344118386507
0.004035504534840584
0.004035521298646927
0.004277492873370647
0.005200267303735018
0.005200267303735018
0.005200267303735018
0.0052002728916704655
0.0052042026072740555
0.007335812319070101
0.007378347218036652
0.007378347218036652
0.007378347218036652
0.007377236615866423
0.007249598391354084
0.005626133643090725
0.0073783439584076405
0.007378352805972099
0.007378399837762117
0.007380377966910601
0.0031992709264159203
0.0031088993418961763
0.003107182215899229
0.0031071577686816454
0.003102453425526619
0.0029438859783113003
0.003106967080384493
0.002966450760141015
0.003088198136538267
0.0031065908260643482
0.003107244847342372
0.0031106004025787115
0.003416374558582902
0.00737834582105279
0.007378347218036652
0.007378259673714638
0.007370054256170988
0.004585098475217819
0.007378342095762491
0.0073782517574727535
0.0073748924769461155
0.007340698037296534
0.007378194015473127
0.00737764174118638
0.0073347920551896095
0.007378336042165756
0.007378347218036652
0.007378347218036652
0.007378356531262398
0.007354126311838627
0.0031071598641574383
0.0031071598641574383
0.0031071598641574383
0.0031071598641574383
0.0031071598641574383
0.0031071598641574383
0.0031071598641574383
0.0031071598641574383
0.0031071603298187256
0.00309754884801805
0.00496520334854722
0.003103649476543069
0.0031071598641574383
0.0031071575358510017
0.003104139817878604
0.022493114694952965
0.007720744237303734
0.02249385602772236
0.02249501459300518
0.0225546695291996
0.0018296248745173216
0.0227192435413599
0.0031071598641574383
0.0031071598641574383
0.0031071598641574383
0.0031071598641574383
0.0031071598641574383
0.0031071598641574383
0.0031071598641574383
0.0031071421690285206
0.003012291854247451
0.003106532385572791
0.003100343281403184
0.001827603206038475
0.0027649232652038336
0.0030597022268921137
0.003100584028288722
0.0031054269056767225
0.0031065847724676132
0.0031069647520780563
0.003105355426669121
2.238153911093832e-06
0.003107024822384119
0.0031059125903993845
0.003086468204855919
0.002577320672571659
0.0031071598641574383
0.0031071598641574383
0.0031071598641574383
0.0031071598641574383
0.0031071598641574383
0.0031071598641574383
0.0031071598641574383
0.0031071598641574383
0.0031071598641574383
0.0031071598641574383
0.003106812248006463
0.0029477067291736603
0.00527831818908453
0.007517560850828886
0.007531163282692432
0.009162905625998974
0.0012536441208794713
0.0017697338480502367
0.0017697338480502367
0.0017697338480502367
0.0017697338480502367
0.0017697338480502367
0.0017697338480502367
0.001769724301993847
0.0017696167342364788
0.0017768535763025284
0.0017771113198250532
0.0017671110108494759
0.0017299619503319263
0.0017698585288599133
0.0017711317632347345
0.0018864016747102141
0.02364279516041279
0.023645348846912384
0.02364545315504074
0.023645471781492233
0.023645471781492233
0.02364671416580677
0.0239031333476305
0.010524647310376167
0.010519149713218212
0.010523194447159767
0.10038875788450241
0.015222777612507343
0.015339269302785397
0.015339280478656292
0.015339280478656292
0.015339280478656292
0.015339270234107971
0.015158304944634438
0.015420445241034031
0.03904291242361069
0.03902958333492279
0.03902958333492279
0.03902958333492279
0.039069004356861115
0.06329426169395447
0.06329343467950821
0.06329343467950821
0.06329340487718582
0.06329260021448135
0.0632772296667099
0.06301523745059967
0.06329359859228134
0.06329358369112015
0.06329452246427536
0.06332196295261383
0.0023037337232381105
0.06325984746217728
0.06329374760389328
0.06329376995563507
0.06329411268234253
0.06329559534788132
0.06339297443628311
0.07005834579467773
0.07005834579467773
0.07005834579467773
0.07005848735570908
0.07005814462900162
0.06992839276790619
0.07005834579467773
0.07005840539932251
0.07002624124288559
0.02577807381749153
0.07005812972784042
0.07005834579467773
0.07005834579467773
0.07005834579467773
0.07005834579467773
0.07005834579467773
0.07005834579467773
0.07005834579467773
0.07005834579467773
0.07005834579467773
0.0700584352016449
0.07005304098129272
0.0698527842760086
0.06991387903690338
0.0700584426522255
0.07005847245454788
0.0700584128499031
0.07005837559700012
0.07005788385868073
0.07004491984844208
0.07000809907913208
0.07005075365304947
0.07457134872674942
0.06329350173473358
0.06329336762428284
0.06329068541526794
0.06330123543739319
0.0632949247956276
0.06329625844955444
0.06283609569072723
0.06329234689474106
0.06329353153705597
0.06342970579862595
0.3072725534439087
0.30685093998908997
0.30692845582962036
0.3073825538158417
0.3784349262714386
0.19541297852993011
0.22388850152492523
0.05487935245037079
0.05279255658388138
0.04796838387846947
0.05488450080156326
0.054884571582078934
0.054884571582078934
0.054884571582078934
0.054884571582078934
0.054884571582078934
0.054884571582078934
0.05491944029927254
0.22326141595840454
0.24299407005310059
0.24299773573875427
0.24335327744483948
0.33224210143089294
0.2428668737411499
0.24269874393939972
0.24278588593006134
0.24293047189712524
0.24298065900802612
0.24299190938472748
0.24299344420433044
0.24299384653568268
0.24299372732639313
0.24299407005310059
0.2429698407649994
0.202885702252388
0.2350134551525116
0.24305154383182526
0.24313382804393768
0.24737387895584106
0.45097288489341736
0.44039708375930786
0.4515344202518463
0.4514922797679901
0.45151951909065247
0.45165857672691345
0.45279979705810547
0.30255189538002014
0.4513149559497833
0.4513151943683624
0.4513151943683624
0.45131513476371765
0.45131999254226685
0.45218783617019653
0.33030804991722107
0.5241743326187134
0.451342910528183
0.45131489634513855
0.45131489634513855
0.4513151943683624
0.4513151943683624
0.4513151943683624
0.4513151943683624
0.4513151943683624
0.4513151943683624
0.4513151943683624
0.45131468772888184
0.4504157602787018
0.45129576325416565
0.45131391286849976
0.4513140618801117
0.45131275057792664
0.4513106346130371
0.0005193328834138811
0.4520534574985504
0.4641248881816864
0.41672441363334656
0.4330127537250519
0.43306440114974976
0.43306422233581543
0.43306422233581543
0.43306422233581543
0.4330640435218811
0.4330640435218811
0.4319523572921753
0.4054604172706604
0.40453529357910156
0.4247485399246216
0.4330635368824005
0.43306422233581543
0.4917166233062744
0.43306422233581543
0.43306422233581543
0.43306422233581543
0.43306422233581543
0.43306368589401245
0.43305420875549316
0.43219849467277527
0.43304821848869324
0.433025598526001
0.433012455701828
0.43299412727355957
0.4328615665435791
0.43306323885917664
0.43306317925453186
0.4247346520423889
0.5172972679138184
0.43306422233581543
0.4330618381500244
0.4317111670970917
0.4264625608921051
0.433064341545105
0.43306422233581543
0.43306422233581543
0.43306422233581543
0.43306422233581543
0.43306422233581543
0.43306422233581543
0.4330593943595886
0.4331037402153015
0.28406819701194763
0.28833848237991333
0.2883383631706238
0.2883383631706238
0.2883383631706238
0.2883383631706238
0.2883383631706238
0.28832510113716125
0.021927982568740845
0.026837604120373726
0.2883383631706238
0.2883383631706238
0.2883383631706238
0.2883383631706238
0.28833872079849243
0.2883549928665161
0.2884078621864319
0.28833863139152527
0.28833824396133423
0.2882826328277588
0.2850046753883362
0.43328168988227844
0.43306422233581543
0.43306422233581543
0.43306422233581543
0.43305689096450806
0.2817559838294983
0.43306422233581543
0.43306422233581543
0.43306422233581543
0.43306422233581543
0.43306422233581543
0.43306466937065125
0.43307363986968994
0.4332144260406494
0.43667033314704895
0.44530820846557617
0.41531381011009216
0.3355955481529236
0.45105454325675964
0.4512437582015991
0.4512835144996643
0.4513028562068939
0.4513114094734192
0.45130395889282227
0.441689670085907
0.4513151943683624
0.4513151943683624
0.45132461190223694
0.4523114562034607
0.798191249370575
0.8103618621826172
0.8092477321624756
0.8103461265563965
0.8102080225944519
0.810361385345459
0.8103539347648621
0.8103154301643372
0.8102847337722778
0.8103484511375427
0.8103609681129456
0.8103627562522888
0.8102937936782837
0.6949995160102844
0.8109011650085449
0.9095759391784668
0.8870900869369507
0.8870900869369507
0.8870900869369507
0.8870900869369507
0.887089729309082
0.8869533538818359
0.8684331178665161
0.8871526718139648
0.8939977288246155
0.887089729309082
0.8870877623558044
0.8863010406494141
0.8854026794433594
0.887089729309082
0.8870900869369507
0.8870900869369507
0.8870900869369507
0.8870900869369507
0.8870949149131775
0.8880347609519958
0.32677125930786133
0.3260367512702942
0.3260132074356079
0.32601219415664673
0.32601261138916016
0.3260969817638397
0.4241822361946106
0.32601261138916016
0.32601219415664673
0.32601219415664673
0.32601219415664673
0.32601219415664673
0.32601219415664673
0.32601219415664673
0.32601219415664673
0.32601219415664673
0.32601219415664673
0.32601219415664673
0.32601219415664673
0.32601240277290344
0.3137182891368866
0.32601198554039
0.32601219415664673
0.32602328062057495
0.3843589425086975
0.919920027256012
0.9199200868606567
0.9199200868606567
0.9199221134185791
0.920700192451477
0.9071816205978394
0.9071816205978394
0.9071818590164185
0.907182514667511
0.9071972370147705
0.9078028202056885
0.9072845578193665
0.907188892364502
0.907182514667511
0.9071819186210632
0.9071816205978394
0.9071816205978394
0.9071412086486816
0.8685264587402344
0.9071817398071289
0.9071816205978394
0.9071816205978394
0.9071816205978394
0.9071816205978394
0.9071816205978394
0.9071816205978394
0.9071816205978394
0.9071816205978394
0.9071816205978394
0.9071816205978394
0.9071816205978394
0.9071816205978394
0.9071816205978394
0.9071816205978394
0.9071816205978394
0.9071816205978394
0.907158374786377
0.901244580745697
0.9071816205978394
0.9071816205978394
0.9071816205978394
0.9071816205978394
0.9071817398071289
0.9071580171585083
0.9416051506996155
0.9071817398071289
0.9071816205978394
0.9071816205978394
0.9071816205978394
0.9071820378303528
0.908767580986023
0.909122109413147
0.9071827530860901
0.9071816205978394
0.9071816205978394
0.9071816205978394
0.9071816205978394
0.9071816205978394
0.9071816205978394
0.9071816205978394
0.9071817398071289
0.9071817398071289
0.9079157710075378
0.9246161580085754
0.9244863390922546
0.9234392642974854
0.9246160984039307
0.9246188998222351
0.9247249364852905
0.9244132041931152
0.9246161580085754
0.9246160984039307
0.9246160984039307
0.9246160984039307
0.9246160984039307
0.9246160984039307
0.9246160984039307
0.9246160984039307
0.9246160984039307
0.9246160984039307
0.9246160984039307
0.9246160984039307
0.9246160984039307
0.9246160984039307
0.9246160984039307
0.9246161580085754
0.9081504940986633
0.9246200323104858
0.9246160984039307
0.9246160984039307
0.9246160984039307
0.9246160984039307
0.9246160984039307
0.9246160984039307
0.9246160984039307
0.9246160984039307
0.9246161580085754
0.922349750995636
0.9246234893798828
0.924616813659668
0.9246161580085754
0.9246160984039307
0.9246160984039307
0.9246160984039307
0.9246160984039307
0.9246160984039307
0.9246218800544739
0.9736679792404175
0.9718520641326904
0.9722841382026672
0.9753062129020691
0.9803012013435364
0.9718472957611084
0.9718472957611084
0.9718472957611084
0.9718472957611084
0.971847414970398
0.9719090461730957
0.9728015661239624
0.9719927906990051
0.7684508562088013
0.9718472957611084
0.9718472957611084
0.9718472957611084
0.9718472957611084
0.9718472957611084
0.9718472957611084
0.9718472957611084
0.971847414970398
0.9748442769050598
0.9908191561698914
0.9908191561698914
0.9908171892166138
0.7410438060760498
0.07595335692167282
0.15509282052516937
0.15509381890296936
0.15609018504619598
3.693812323035672e-05
0.156260684132576
0.1549883633852005
0.2377461940050125
0.21934613585472107
0.1756516993045807
0.15510819852352142
0.18085600435733795
0.7626932859420776
0.7464496493339539
0.7425123453140259
0.7410404682159424
0.7404446601867676
0.7402651906013489
0.7402068376541138
0.7406741380691528
0.7409230470657349
0.7227728962898254
0.7421695590019226
0.7806786894798279
0.8335922360420227
0.8442748188972473
0.7783335447311401
0.7783336639404297
0.7783336639404297
0.7783336639404297
0.7783336639404297
0.7783336639404297
0.778334379196167
0.7780160307884216
0.7118420004844666
0.7225829362869263
0.7126294374465942
0.7118714451789856
0.7117692828178406
0.7117553949356079
0.711753785610199
0.7117612957954407
0.714469850063324
0.784098744392395
0.7869055271148682
0.9871014356613159
0.9871028065681458
0.9871028065681458
0.9870922565460205
0.9865587949752808
0.9891983866691589
0.9935903549194336
0.977156400680542
0.9771528244018555
0.977139413356781
0.9745527505874634
0.9663150310516357
0.977159321308136
0.977159321308136
0.9771592020988464
0.9771296381950378
0.9622016549110413
0.9771589636802673
0.9771416783332825
0.9756794571876526
0.9771151542663574
0.9771585464477539
0.977159321308136
0.9771597981452942
0.977692186832428
0.9128291606903076
0.9128291606903076
0.9128291606903076
0.9128550887107849
0.9516571164131165
0.9482747316360474
0.9465089440345764
0.9482556581497192
0.7976923584938049
0.9443930387496948
0.947319746017456
0.8831731081008911
0.9476550221443176
0.9464713931083679
0.9443876147270203
0.94786137342453
0.9482430815696716
0.9482594132423401
0.9430252909660339
0.9488817453384399
0.9818294048309326
0.9879882335662842
0.9880025386810303
0.9880133867263794
0.9879927635192871
0.9879917502403259
0.9881263971328735
0.9922937154769897
0.9900150299072266
0.9899249076843262
0.9897638559341431
0.99261075258255
0.9963986873626709
0.9964017868041992
0.996867835521698
0.9987220168113708
0.9987220168113708
0.9987221360206604
0.9988971948623657
0.9987201690673828
0.9987220168113708
0.9987217783927917
0.998700737953186
0.9987175464630127
0.9987217783927917
0.9987220168113708
0.9987220168113708
0.9987220168113708
0.9987221360206604
0.9988577365875244
0.9987333416938782
0.9962039589881897
0.9962021708488464
0.9962026476860046
0.9966327548027039
0.9962021708488464
0.9962021708488464
0.9962014555931091
0.9961899518966675
0.996198832988739
0.9962056875228882
0.996708869934082
0.9967296123504639
0.9967261552810669
0.9966457486152649
0.9967300891876221
0.9967300891876221
0.9967280626296997
0.9964510202407837
0.9967300891876221
0.9967300891876221
0.9967300891876221
0.9967203736305237
0.9967172741889954
0.996724545955658
0.9967073202133179
0.9967300891876221
0.9967300891876221
0.9967296123504639
0.9965961575508118
0.9949778914451599
0.9949780106544495
0.9949814677238464
0.9867480993270874
0.9867480993270874
0.9867480993270874
0.9867480993270874
0.9902940988540649
1.1365827958798036e-05
1.1365827958798036e-05
1.1365827958798036e-05
1.1365827958798036e-05
1.1365827958798036e-05
1.1365827958798036e-05
1.1365837963239755e-05
1.140409949584864e-05
2.6464374968782067e-05
4.552579048322514e-05
2.6212819648208097e-05
2.4891145585570484e-05
2.5342134904349223e-05
2.636874523886945e-05
2.6441190129844472e-05
2.425448656140361e-05
2.6455869374331087e-05
2.566220791777596e-05
2.645463428052608e-05
2.6467881980352104e-05
2.6468032956472598e-05
2.6468083888175897e-05
2.64679820247693e-05
2.646707434905693e-05
2.646010761964135e-05
2.64242753473809e-05
2.644093729031738e-05
4.191248195538734e-15
1.717266465747075e-14
1.7224989270754436e-14
1.7451948360839437e-14
1.96208914187649e-14
8.18742051933441e-08
1.6766207977525482e-07
1.6754843557009735e-07
1.6032930716392002e-07
1.390742312423754e-07
1.6764194299412338e-07
1.676633729630339e-07
1.676633729630339e-07
1.676633729630339e-07
1.676633729630339e-07
1.6766848887073138e-07
3.24909876781021e-07
0.016067760065197945
0.016125395894050598
0.016125433146953583
0.016125433146953583
0.016125433146953583
0.016125433146953583
0.016126645728945732
0.033299487084150314
0.5443078279495239
0.5444315671920776
0.5528267621994019
0.2165253907442093
0.10548219084739685
0.10548228025436401
0.10548228025436401
0.10548228025436401
0.10548228025436401
0.10548228025436401
0.10548210144042969
0.10518267750740051
0.0069339219480752945
0.10548148304224014
0.09911946207284927
0.04559839144349098
0.06523170322179794
0.06523119658231735
0.06521643698215485
0.06482747942209244
0.05937569588422775
0.06522297114133835
0.06523163616657257
0.06523163616657257
0.06523163616657257
0.06523158401250839
0.0652310773730278
0.0652303546667099
0.06523019075393677
0.06645015627145767
0.04265253245830536
0.042470552027225494
0.010781281627714634
0.01937169022858143
0.016685502603650093
0.016686545684933662
0.01668650284409523
0.016685547307133675
0.0166848823428154
0.01669315993785858
0.016440499573946
0.009596080519258976
0.016686858609318733
0.01668751798570156
0.016615379601716995
0.012510511092841625
0.017282206565141678
0.017282940447330475
0.01728246919810772
0.017234504222869873
0.011839322745800018
5.484567736857571e-06
5.484567736857571e-06
5.451674041978549e-06
3.856215698760934e-06
9.801233318285085e-06
5.484783741849242e-06
5.484761913976399e-06
5.485007932293229e-06
5.4859506235516164e-06
5.44880185771035e-06
1.040699498844333e-05
1.0399340681033209e-05
9.676760782895144e-06
1.0400851351732854e-05
9.203288755088579e-06
1.0407055015093647e-05
1.0407055015093647e-05
1.0407055015093647e-05
1.0407055015093647e-05
1.0406611181679182e-05
9.295444215240423e-06
1.0408801244921051e-05
1.0957780432363506e-05
1.0407055015093647e-05
1.0407055015093647e-05
1.0407074114482384e-05
1.0411409675725736e-05
0.0318463109433651
1.3092497283651028e-05
1.6544243408134207e-05
1.4372179066413082e-05
1.1197565982001834e-05
1.0531147381698247e-05
2.3084696294972673e-05
2.4373091946472414e-05
2.3498598238802515e-05
1.0717331861087587e-05
1.0499052223167382e-05
1.049678394338116e-05
7.951746738399379e-06
0.00020861922530457377
0.00021936582925263792
2.0095765648875386e-05
9.230036084773019e-06
2.157449307560455e-05
2.1941079467069358e-05
2.1740035663242452e-05
2.1630605260725133e-05
2.1628302420140244e-05
3.334650682518259e-05
2.1628364265779965e-05
2.1628364265779965e-05
2.1628384274663404e-05
2.1628384274663404e-05
2.1628406102536246e-05
2.1628426111419685e-05
2.1627645764965564e-05
2.1608007955364883e-05
2.126336949004326e-05
2.2173771867528558e-05
2.2473581338999793e-05
2.1633135474985465e-05
2.1625624867738225e-05
2.161433621949982e-05
2.1622105123242363e-05
2.1627467504004017e-05
2.1628344256896526e-05
2.1628384274663404e-05
2.1626779926009476e-05
1.1188919415872078e-05
1.1295184776827227e-05
2.496966590115335e-05
4.828226155950688e-05
0.7024851441383362
0.878288745880127
0.9180591702461243
0.9182556867599487
0.9181124567985535
0.918104887008667
0.9181170463562012
0.9267673492431641
0.9980586171150208
0.9924524426460266
0.9924160242080688
0.9923927783966064
0.7435157299041748
0.741738498210907
0.9247496128082275
0.9262966513633728
0.15496371686458588
0.9310163259506226
0.9798247814178467
0.9593650102615356
0.9598791003227234
0.9881816506385803
0.9595643877983093
0.9593698382377625
0.9592928290367126
0.9516910910606384
0.9619140625
0.9601939916610718
0.959380567073822
0.9593573212623596
0.9593566656112671
0.9561482667922974
0.959355354309082
0.9536575078964233
0.9561103582382202
0.959347128868103
0.9593565464019775
0.9593565464019775
0.9593565464019775
0.9593565464019775
0.9593565464019775
0.9593488574028015
0.8976229429244995
0.9593565464019775
0.9593565464019775
0.9593566656112671
0.9593566656112671
0.9593566656112671
0.9593569040298462
0.9593572020530701
0.9593583345413208
0.9593631625175476
0.9593948721885681
0.9621798396110535
0.3836557865142822
0.5296249389648438
0.5288025736808777
0.5288006067276001
0.5279625654220581
0.5148356556892395
0.5288025736808777
0.5288025736808777
0.5288025736808777
0.5288206338882446
0.5310265421867371
0.998432457447052
0.9985054731369019
0.9985054731369019
0.9985054731369019
0.9985054731369019
0.9985054731369019
0.9985054731369019
0.9985054731369019
0.9985040426254272
0.9985027313232422
0.9985054731369019
0.9984544515609741
0.9973241090774536
0.9979828596115112
0.9979825019836426
0.997962236404419
0.9979832172393799
0.9979848861694336
0.9980736970901489
0.9997101426124573
0.9997101426124573
0.9997101426124573
0.9997101426124573
0.9997101426124573
0.9997101426124573
0.9997100234031677
0.9997091889381409
0.9997014403343201
0.9999995231628418
0.9999990463256836
0.9999990463256836
0.9999990463256836
0.999998927116394
0.9999990463256836
0.9999990463256836
0.9999990463256836
0.9999990463256836
0.9999990463256836
0.9999990463256836
0.9999990463256836
0.9999990463256836
0.9999985694885254
0.9999990463256836
0.9999990463256836
0.9999990463256836
0.9999990463256836
0.9999990463256836
0.9999990463256836
0.9999983310699463
0.9999983310699463
0.9999983310699463
0.9999985694885254
0.9999983310699463
0.9999983310699463
0.9999983310699463
0.9999983310699463
0.9999983310699463
0.9999983310699463
0.9999983310699463
0.9999983310699463
0.9999983310699463
0.9999983310699463
0.9999983310699463
0.9999983310699463
0.9999983310699463
1.0
1.0
1.0
1.0
1.0
1.0
1.0
1.0
1.0
1.0
1.0
1.0
1.0
1.0
1.0
1.0
1.0
1.0
1.0
1.0
1.0
1.0
1.0
1.0
1.0
1.0
1.0
1.0
1.0
1.0
1.0
1.0
1.0
1.0
1.0
1.0
1.0
1.0
1.0
1.0
1.0
1.0
1.0
1.0
1.0
1.0
1.0
1.0
1.0
1.0
1.0
1.0
1.0
1.0
1.0
1.0
1.0
1.0
0.9999966621398926
0.9999966621398926
0.9999966621398926
0.9999966621398926
0.9975628852844238
0.9999966621398926
0.9999966621398926
0.9999966621398926
0.9999966621398926
0.9999966621398926
0.9999966621398926
0.9999978542327881
0.9999978542327881
0.9999978542327881
0.9999978542327881
0.9999978542327881
0.9999978542327881
0.9999978542327881
0.9999978542327881
0.9999978542327881
0.9999973773956299
0.9999978542327881
0.9999978542327881
0.9999978542327881
0.9999978542327881
0.9999978542327881
0.9999978542327881
0.9999977350234985
0.9999978542327881
1.0
1.0
1.0
1.0
1.0
1.0
1.0
1.0
1.0
1.0
1.0
1.0
1.0
1.0
1.0
1.0
1.0
1.0
1.0
1.0
1.0
1.0
1.0
1.0
1.0
1.0
1.0
1.0
1.0
1.0
1.0
1.0
1.0
1.0
1.0
1.0
1.0
1.0
1.0
1.0
1.0
1.0
1.0
1.0
1.0
1.0
1.0
1.0
1.0
1.0
1.0
1.0
1.0
1.0
1.0
1.0
1.0
1.0
1.0
1.0
1.0
1.0
1.0
1.0
1.0
1.0
1.0
1.0
1.0
1.0
1.0
1.0
1.0
1.0
1.0
1.0
1.0
1.0
1.0
1.0
1.0
1.0
1.0
1.0
1.0
1.0
1.0
1.0
1.0
1.0
1.0
1.0
1.0
1.0
1.0
1.0
1.0
1.0
1.0
1.0
1.0
1.0
1.0
1.0
1.0
1.0
1.0
1.0
1.0
1.0
1.0
1.0
1.0
1.0
1.0
1.0
1.0
1.0
1.0
1.0
1.0
1.0
1.0
1.0
1.0
1.0
1.0
1.0
1.0
1.0
1.0
1.0
1.0
1.0
1.0
1.0
1.0
1.0
1.0
1.0
1.0
1.0
1.0
1.0
1.0
1.0
1.0
1.0
1.0
1.0
1.0
1.0
1.0
1.0
1.0
1.0
1.0
1.0
1.0
1.0
1.0
1.0
1.0
1.0
1.0
1.0
1.0
1.0
1.0
1.0
1.0
1.0
1.0
1.0
1.0
1.0
1.0
1.0
1.0
1.0
1.0
1.0
1.0
1.0
1.0
1.0
1.0
1.0
1.0
1.0
1.0
1.0
1.0
1.0
1.0
1.0
1.0
1.0
1.0
1.0
1.0
1.0
1.0
1.0
1.0
1.0
1.0
1.0
1.0
1.0
1.0
1.0
1.0
1.0
1.0
1.0
1.0
1.0
1.0
1.0
1.0
1.0
1.0
1.0
1.0
1.0
1.0
1.0
1.0
1.0
1.0
1.0
1.0
1.0
1.0
1.0
1.0
1.0
1.0
1.0
1.0
1.0
1.0
1.0
1.0
1.0
1.0
1.0
1.0
1.0
1.0
1.0
1.0
1.0
1.0
1.0
1.0
1.0
1.0
1.0
1.0
1.0
1.0
1.0
1.0
1.0
1.0
1.0
1.0
1.0
1.0
1.0
1.0
1.0
1.0
1.0
1.0
1.0
1.0
1.0
1.0
1.0
1.0
1.0
1.0
1.0
1.0
1.0
1.0
1.0
1.0
1.0
1.0
1.0
1.0
1.0
1.0
1.0
1.0
1.0
1.0
1.0
1.0
1.0
1.0
1.0
1.0
1.0
1.0
1.0
1.0
1.0
1.0
1.0
1.0
1.0
1.0
1.0
1.0
1.0
1.0
1.0
1.0
1.0
1.0
1.0
1.0
1.0
1.0
1.0
1.0
1.0
1.0
1.0
1.0
1.0
1.0
1.0
1.0
1.0
1.0
1.0
1.0
1.0
1.0
1.0
1.0
1.0
1.0
1.0
1.0
1.0
1.0
1.0
1.0
1.0
1.0
1.0
1.0
1.0
1.0
1.0
1.0
1.0
1.0
1.0
1.0
1.0
1.0
1.0
1.0
1.0
1.0
1.0
1.0
1.0
1.0
1.0
1.0
1.0
1.0
1.0
1.0
1.0
1.0
1.0
1.0
1.0
1.0
1.0
1.0
1.0
1.0
1.0
1.0
1.0
1.0
1.0
1.0
1.0
1.0
1.0
1.0
1.0
1.0
1.0
1.0
1.0
1.0
1.0
1.0
1.0
1.0
1.0
1.0
1.0
1.0
1.0
1.0
1.0
1.0
1.0
1.0
1.0
1.0
1.0
1.0
1.0
1.0
1.0
1.0
1.0
1.0
1.0
1.0
1.0
1.0
1.0
1.0
1.0
1.0
1.0
1.0
1.0
1.0
1.0
1.0
1.0
1.0
1.0
1.0
1.0
1.0
1.0
1.0
1.0
1.0
1.0
1.0
1.0
1.0
1.0
1.0
1.0
1.0
1.0
1.0
1.0
1.0
1.0
1.0
1.0
1.0
1.0
1.0
1.0
1.0
1.0
1.0
1.0
1.0
1.0
1.0
1.0
1.0
1.0
1.0
1.0
1.0
1.0
1.0
1.0
1.0
1.0
1.0
1.0
1.0
1.0
1.0
1.0
1.0
1.0
1.0
1.0
1.0
1.0
1.0
1.0
1.0
1.0
1.0
1.0
1.0
1.0
1.0
1.0
1.0
1.0
1.0
1.0
1.0
1.0
1.0
1.0
1.0
1.0
1.0
1.0
1.0
1.0
1.0
1.0
1.0
1.0
1.0
1.0
1.0
1.0
1.0
1.0
1.0
1.0
1.0
1.0
1.0
1.0
1.0
1.0
1.0
1.0
1.0
1.0
1.0
1.0
1.0
1.0
1.0
1.0
1.0
1.0
1.0
1.0
1.0
1.0
1.0
1.0
1.0
1.0
1.0
1.0
1.0
1.0
1.0
1.0
1.0
1.0
1.0
1.0
1.0
1.0
1.0
1.0
1.0
1.0
1.0
1.0
1.0
1.0
1.0
1.0
1.0
1.0
1.0
1.0
1.0
1.0
1.0
1.0
1.0
1.0
1.0
1.0
1.0
1.0
1.0
1.0
1.0
1.0
1.0
1.0
1.0
1.0
1.0
1.0
1.0
1.0
1.0
1.0
1.0
1.0
1.0
1.0
1.0
1.0
1.0
1.0
1.0
1.0
1.0
1.0
1.0
1.0
1.0
1.0
1.0
1.0
1.0
1.0
1.0
1.0
1.0
1.0
1.0
1.0
1.0
1.0
1.0
1.0
1.0
1.0
1.0
1.0
1.0
1.0
1.0
1.0
1.0
1.0
1.0
1.0
1.0
1.0
1.0
1.0
1.0
1.0
1.0
1.0
1.0
1.0
1.0
1.0
1.0
1.0
1.0
1.0
1.0
1.0
1.0
1.0
1.0
1.0
1.0
1.0
1.0
1.0
1.0
1.0
1.0
1.0
1.0
1.0
1.0
1.0
1.0
1.0
1.0
1.0
1.0
1.0
1.0
1.0
1.0
1.0
1.0
1.0
1.0
1.0
1.0
1.0
1.0
1.0
1.0
1.0
1.0
1.0
1.0
1.0
1.0
1.0
1.0
1.0
1.0
1.0
1.0
1.0
1.0
1.0
1.0
1.0
1.0
1.0
1.0
1.0
1.0
1.0
1.0
1.0
1.0
1.0
1.0
1.0
1.0
1.0
1.0
1.0
1.0
1.0
1.0
1.0
1.0
1.0
1.0
1.0
1.0
1.0
1.0
1.0
1.0
1.0
1.0
1.0
1.0
1.0
1.0
1.0
1.0
1.0
1.0
1.0
1.0
1.0
1.0
1.0
1.0
1.0
1.0
1.0
1.0
1.0
1.0
1.0
1.0
1.0
1.0
1.0
1.0
1.0
1.0
1.0
1.0
1.0
1.0
1.0
1.0
1.0
1.0
1.0
1.0
1.0
1.0
1.0
1.0
1.0
1.0
1.0
1.0
1.0
1.0
1.0
1.0
1.0
1.0
1.0
1.0
1.0
1.0
1.0
1.0
1.0
1.0
1.0
1.0
1.0
1.0
1.0
1.0
1.0
1.0
1.0
1.0
1.0
1.0
1.0
1.0
1.0
1.0
1.0
1.0
1.0
1.0
1.0
1.0
1.0
1.0
1.0
1.0
1.0
1.0
1.0
1.0
1.0
1.0
1.0
1.0
1.0
1.0
1.0
1.0
1.0
1.0
1.0
1.0
1.0
1.0
1.0
1.0
1.0
1.0
1.0
1.0
1.0
1.0
1.0
1.0
1.0
1.0
1.0
1.0
1.0
1.0
1.0
1.0
1.0
1.0
1.0
1.0
1.0
1.0
1.0
1.0
1.0
1.0
1.0
1.0
1.0
1.0
1.0
1.0
1.0
1.0
1.0
1.0
1.0
1.0
1.0
1.0
1.0
1.0
1.0
1.0
1.0
1.0
1.0
1.0
1.0
1.0
1.0
1.0
1.0
1.0
1.0
1.0
1.0
1.0
1.0
1.0
1.0
1.0
1.0
1.0
1.0
1.0
1.0
1.0
1.0
1.0
1.0
1.0
1.0
1.0
1.0
1.0
1.0
1.0
1.0
1.0
1.0
1.0
1.0
1.0
1.0
1.0
1.0
1.0
1.0
1.0
1.0
1.0
1.0
1.0
1.0
1.0
1.0
1.0
1.0
1.0
1.0
1.0
1.0
1.0
1.0
1.0
1.0
1.0
1.0
1.0
1.0
1.0
1.0
1.0
1.0
1.0
1.0
1.0
1.0
1.0
1.0
1.0
1.0
1.0
1.0
1.0
1.0
1.0
1.0
1.0
1.0
1.0
1.0
1.0
1.0
1.0
1.0
1.0
1.0
1.0
1.0
1.0
1.0
1.0
1.0
1.0
1.0
1.0
1.0
1.0
1.0
1.0
1.0
1.0
1.0
1.0
1.0
1.0
1.0
1.0
1.0
1.0
1.0
1.0
1.0
1.0
1.0
1.0
1.0
1.0
1.0
1.0
1.0
1.0
1.0
1.0
1.0
1.0
1.0
1.0
1.0
1.0
1.0
1.0
1.0
1.0
1.0
1.0
1.0
1.0
1.0
1.0
1.0
1.0
1.0
1.0
1.0
1.0
1.0
1.0
1.0
1.0
1.0
1.0
1.0
1.0
1.0
1.0
1.0
1.0
1.0
1.0
1.0
1.0
1.0
1.0
1.0
1.0
1.0
1.0
1.0
1.0
1.0
1.0
1.0
1.0
1.0
1.0
1.0
1.0
1.0
1.0
1.0
1.0
1.0
1.0
1.0
1.0
1.0
1.0
1.0
1.0
1.0
1.0
1.0
1.0
1.0
1.0
1.0
1.0
1.0
1.0
1.0
1.0
1.0
1.0
1.0
1.0
1.0
1.0
1.0
1.0
1.0
1.0
1.0
1.0
1.0
1.0
1.0
1.0
1.0
1.0
1.0
1.0
1.0
1.0
1.0
1.0
1.0
1.0
1.0
1.0
1.0
1.0
1.0
1.0
1.0
1.0
1.0
1.0
1.0
1.0
1.0
1.0
1.0
1.0
1.0
1.0
1.0
1.0
1.0
1.0
1.0
1.0
1.0
1.0
1.0
1.0
1.0
1.0
1.0
1.0
1.0
1.0
1.0
1.0
1.0
1.0
1.0
1.0
1.0
1.0
1.0
1.0
1.0
1.0
1.0
1.0
1.0
1.0
1.0
1.0
1.0
1.0
1.0
1.0
1.0
1.0
1.0
1.0
1.0
1.0
1.0
1.0
1.0
1.0
1.0
1.0
1.0
1.0
1.0
1.0
1.0
1.0
1.0
1.0
1.0
1.0
1.0
1.0
1.0
1.0
1.0
1.0
1.0
1.0
1.0
1.0
1.0
1.0
1.0
1.0
1.0
1.0
1.0
1.0
1.0
1.0
1.0
1.0
1.0
1.0
1.0
1.0
1.0
1.0
1.0
1.0
1.0
1.0
1.0
1.0
1.0
1.0
1.0
1.0
1.0
1.0
1.0
1.0
1.0
1.0
1.0
1.0
1.0
1.0
1.0
1.0
1.0
1.0
1.0
1.0
1.0
1.0
1.0
1.0
1.0
1.0
1.0
1.0
1.0
1.0
1.0
1.0
1.0
1.0
1.0
1.0
1.0
1.0
1.0
1.0
1.0
1.0
1.0
1.0
1.0
1.0
1.0
1.0
1.0
1.0
1.0
1.0
1.0
1.0
1.0
1.0
1.0
1.0
1.0
1.0
1.0
1.0
1.0
1.0
1.0
1.0
1.0
1.0
1.0
1.0
1.0
1.0
1.0
1.0
1.0
1.0
1.0
1.0
1.0
1.0
1.0
1.0
1.0
1.0
1.0
1.0
1.0
1.0
1.0
1.0
1.0
1.0
1.0
1.0
1.0
1.0
1.0
1.0
1.0
1.0
1.0
1.0
1.0
1.0
1.0
1.0
1.0
1.0
1.0
1.0
1.0
1.0
1.0
1.0
1.0
1.0
1.0
1.0
1.0
1.0
1.0
1.0
1.0
1.0
1.0
1.0
1.0
1.0
1.0
1.0
1.0
1.0
1.0
1.0
1.0
1.0
1.0
1.0
1.0
1.0
1.0
1.0
1.0
1.0
1.0
1.0
1.0
1.0
1.0
1.0
1.0
1.0
1.0
1.0
1.0
1.0
1.0
1.0
1.0
1.0
1.0
1.0
1.0
1.0
1.0
1.0
1.0
1.0
1.0
1.0
1.0
1.0
1.0
1.0
1.0
1.0
1.0
1.0
1.0
1.0
1.0
1.0
1.0
1.0
1.0
1.0
1.0
1.0
1.0
1.0
1.0
1.0
1.0
1.0
1.0
1.0
1.0
1.0
1.0
1.0
1.0
1.0
1.0
1.0
1.0
1.0
1.0
1.0
1.0
1.0
1.0
1.0
1.0
1.0
1.0
1.0
1.0
1.0
1.0
1.0
1.0
1.0
1.0
1.0
1.0
1.0
1.0
1.0
1.0
1.0
1.0
1.0
1.0
1.0
1.0
1.0
1.0
1.0
1.0
1.0
1.0
1.0
1.0
1.0
1.0
1.0
1.0
1.0
1.0
1.0
1.0
1.0
1.0
1.0
1.0
1.0
1.0
1.0
1.0
1.0
1.0
1.0
1.0
1.0
1.0
1.0
1.0
1.0
1.0
1.0
1.0
1.0
1.0
1.0
1.0
1.0
1.0
1.0
1.0
1.0
1.0
1.0
1.0
1.0
1.0
1.0
1.0
1.0
1.0
1.0
1.0
1.0
1.0
1.0
1.0
1.0
1.0
1.0
1.0
1.0
1.0
1.0
1.0
1.0
1.0
1.0
1.0
1.0
1.0
1.0
1.0
1.0
1.0
1.0
1.0
1.0
1.0
1.0
1.0
1.0
1.0
1.0
1.0
1.0
1.0
1.0
1.0
1.0
1.0
1.0
1.0
1.0
1.0
1.0
1.0
1.0
1.0
1.0
1.0
1.0
1.0
1.0
1.0
1.0
1.0
1.0
1.0
1.0
1.0
1.0
1.0
1.0
1.0
1.0
1.0
1.0
1.0
1.0
1.0
1.0
1.0
1.0
1.0
1.0
1.0
1.0
1.0
1.0
1.0
1.0
1.0
1.0
1.0
1.0
1.0
1.0
1.0
1.0
1.0
1.0
1.0
1.0
1.0
1.0
1.0
1.0
1.0
1.0
1.0
1.0
1.0
1.0
1.0
1.0
1.0
1.0
1.0
1.0
1.0
1.0
1.0
1.0
1.0
1.0
1.0
1.0
1.0
1.0
1.0
1.0
1.0
1.0
1.0
1.0
1.0
1.0
1.0
1.0
1.0
1.0
1.0
1.0
1.0
1.0
1.0
1.0
1.0
1.0
1.0
1.0
1.0
1.0
1.0
1.0
1.0
1.0
1.0
1.0
1.0
1.0
1.0
1.0
1.0
1.0
1.0
1.0
1.0
1.0
1.0
1.0
1.0
1.0
1.0
1.0
1.0
1.0
1.0
1.0
1.0
1.0
1.0
1.0
1.0
1.0
1.0
1.0
1.0
1.0
1.0
1.0
1.0
1.0
1.0
1.0
1.0
1.0
1.0
1.0
1.0
1.0
1.0
1.0
1.0
1.0
1.0
1.0
1.0
1.0
1.0
1.0
1.0
1.0
1.0
1.0
1.0
1.0
1.0
1.0
1.0
1.0
1.0
1.0
1.0
1.0
1.0
1.0
1.0
1.0
1.0
1.0
1.0
1.0
1.0
1.0
1.0
1.0
1.0
1.0
1.0
1.0
1.0
1.0
1.0
1.0
1.0
1.0
1.0
1.0
1.0
1.0
1.0
1.0
1.0
1.0
1.0
1.0
1.0
1.0
1.0
1.0
1.0
1.0
1.0
1.0
1.0
1.0
1.0
1.0
1.0
1.0
1.0
1.0
1.0
1.0
1.0
1.0
1.0
1.0
1.0
1.0
1.0
1.0
1.0
1.0
1.0
1.0
1.0
1.0
1.0
1.0
1.0
1.0
1.0
1.0
1.0
1.0
1.0
1.0
1.0
1.0
1.0
1.0
1.0
1.0
1.0
1.0
1.0
1.0
1.0
1.0
1.0
1.0
1.0
1.0
1.0
1.0
1.0
1.0
1.0
1.0
1.0
1.0
1.0
1.0
1.0
1.0
1.0
1.0
1.0
1.0
1.0
1.0
1.0
1.0
1.0
1.0
1.0
1.0
1.0
1.0
1.0
1.0
1.0
1.0
1.0
1.0
1.0
1.0
1.0
1.0
1.0
1.0
1.0
1.0
1.0
1.0
1.0
1.0
1.0
1.0
1.0
1.0
1.0
1.0
1.0
1.0
1.0
1.0
1.0
1.0
1.0
1.0
1.0
1.0
1.0
1.0
1.0
1.0
1.0
1.0
1.0
1.0
1.0
1.0
1.0
1.0
1.0
1.0
1.0
1.0
1.0
1.0
1.0
1.0
1.0
1.0
1.0
1.0
1.0
1.0
1.0
1.0
1.0
1.0
1.0
1.0
1.0
1.0
1.0
1.0
1.0
1.0
1.0
1.0
1.0
1.0
1.0
1.0
1.0
1.0
1.0
1.0
1.0
1.0
1.0
1.0
1.0
1.0
1.0
1.0
1.0
1.0
1.0
1.0
1.0
1.0
1.0
1.0
1.0
1.0
1.0
1.0
1.0
1.0
1.0
1.0
1.0
1.0
1.0
1.0
1.0
1.0
1.0
1.0
1.0
1.0
1.0
1.0
1.0
1.0
1.0
1.0
1.0
1.0
1.0
1.0
1.0
1.0
1.0
1.0
1.0
1.0
1.0
1.0
1.0
1.0
1.0
1.0
1.0
1.0
1.0
1.0
1.0
1.0
1.0
1.0
1.0
1.0
1.0
1.0
1.0
1.0
1.0
1.0
1.0
1.0
1.0
1.0
1.0
1.0
1.0
1.0
1.0
1.0
1.0
1.0
1.0
1.0
1.0
1.0
1.0
1.0
1.0
1.0
1.0
1.0
1.0
1.0
1.0
1.0
1.0
1.0
1.0
1.0
1.0
1.0
1.0
1.0
1.0
1.0
1.0
1.0
1.0
1.0
1.0
1.0
1.0
1.0
1.0
1.0
1.0
1.0
1.0
1.0
1.0
1.0
1.0
1.0
1.0
1.0
1.0
1.0
1.0
1.0
1.0
1.0
1.0
1.0
1.0
1.0
1.0
1.0
1.0
1.0
1.0
1.0
1.0
1.0
1.0
1.0
1.0
1.0
1.0
1.0
1.0
1.0
1.0
1.0
1.0
1.0
1.0
1.0
1.0
1.0
1.0
1.0
1.0
1.0
1.0
1.0
1.0
1.0
1.0
1.0
1.0
1.0
1.0
1.0
1.0
1.0
1.0
1.0
1.0
1.0
1.0
1.0
1.0
1.0
1.0
1.0
1.0
1.0
1.0
1.0
1.0
1.0
1.0
1.0
1.0
1.0
1.0
1.0
1.0
1.0
1.0
1.0
1.0
1.0
1.0
1.0
1.0
1.0
1.0
1.0
1.0
1.0
1.0
1.0
1.0
1.0
1.0
1.0
1.0
1.0
1.0
1.0
1.0
1.0
1.0
1.0
1.0
1.0
1.0
1.0
1.0
1.0
1.0
1.0
1.0
1.0
1.0
1.0
1.0
1.0
1.0
1.0
1.0
1.0
1.0
1.0
1.0
1.0
1.0
1.0
1.0
1.0
1.0
1.0
1.0
1.0
1.0
1.0
1.0
1.0
1.0
1.0
1.0
1.0
1.0
1.0
1.0
1.0
1.0
1.0
1.0
1.0
1.0
1.0
1.0
1.0
1.0
1.0
1.0
1.0
1.0
1.0
1.0
1.0
1.0
1.0
1.0
1.0
1.0
1.0
1.0
1.0
1.0
1.0
1.0
1.0
1.0
1.0
1.0
1.0
1.0
1.0
1.0
1.0
1.0
1.0
1.0
1.0
1.0
1.0
1.0
1.0
1.0
1.0
1.0
1.0
1.0
1.0
1.0
1.0
1.0
1.0
1.0
1.0
1.0
1.0
1.0
1.0
1.0
1.0
1.0
1.0
1.0
1.0
1.0
1.0
1.0
1.0
1.0
1.0
1.0
1.0
1.0
1.0
1.0
1.0
1.0
1.0
1.0
1.0
1.0
1.0
1.0
1.0
1.0
1.0
1.0
1.0
1.0
1.0
1.0
1.0
1.0
1.0
1.0
1.0
1.0
1.0
1.0
1.0
1.0
1.0
1.0
1.0
1.0
1.0
1.0
1.0
1.0
1.0
1.0
1.0
1.0
1.0
1.0
1.0
1.0
1.0
1.0
1.0
1.0
1.0
1.0
1.0
1.0
1.0
1.0
1.0
1.0
1.0
1.0
1.0
1.0
1.0
1.0
1.0
1.0
1.0
1.0
1.0
1.0
1.0
1.0
1.0
1.0
1.0
1.0
1.0
1.0
1.0
1.0
1.0
1.0
1.0
1.0
1.0
1.0
1.0
1.0
1.0
1.0
1.0
1.0
1.0
1.0
1.0
1.0
1.0
1.0
1.0
1.0
1.0
1.0
1.0
1.0
1.0
1.0
1.0
1.0
1.0
1.0
1.0
1.0
1.0
1.0
1.0
1.0
1.0
1.0
1.0
1.0
1.0
1.0
1.0
1.0
1.0
1.0
1.0
1.0
1.0
1.0
1.0
1.0
1.0
1.0
1.0
1.0
1.0
1.0
1.0
1.0
1.0
1.0
1.0
1.0
1.0
1.0
1.0
1.0
1.0
1.0
1.0
1.0
1.0
1.0
1.0
1.0
1.0
1.0
1.0
1.0
1.0
1.0
1.0
1.0
1.0
1.0
1.0
1.0
1.0
1.0
1.0
1.0
1.0
1.0
1.0
1.0
1.0
1.0
1.0
1.0
1.0
1.0
1.0
1.0
1.0
1.0
1.0
1.0
1.0
1.0
1.0
1.0
1.0
1.0
1.0
1.0
1.0
1.0
1.0
1.0
1.0
1.0
1.0
1.0
1.0
1.0
1.0
1.0
1.0
1.0
1.0
1.0
1.0
1.0
1.0
1.0
1.0
1.0
1.0
1.0
1.0
1.0
1.0
1.0
1.0
1.0
1.0
1.0
1.0
1.0
1.0
1.0
1.0
1.0
1.0
1.0
1.0
1.0
1.0
1.0
1.0
1.0
1.0
1.0
1.0
1.0
1.0
1.0
1.0
1.0
1.0
1.0
1.0
1.0
1.0
1.0
1.0
1.0
1.0
1.0
1.0
1.0
1.0
1.0
1.0
1.0
1.0
1.0
1.0
1.0
1.0
1.0
1.0
1.0
1.0
1.0
1.0
1.0
1.0
1.0
1.0
1.0
1.0
1.0
1.0
1.0
1.0
1.0
1.0
1.0
1.0
1.0
1.0
1.0
1.0
1.0
1.0
1.0
1.0
1.0
1.0
1.0
1.0
1.0
1.0
1.0
1.0
1.0
1.0
1.0
1.0
1.0
1.0
1.0
1.0
1.0
1.0
1.0
1.0
1.0
1.0
1.0
1.0
1.0
1.0
1.0
1.0
1.0
1.0
1.0
1.0
1.0
1.0
1.0
1.0
1.0
1.0
1.0
1.0
1.0
1.0
1.0
1.0
1.0
1.0
1.0
1.0
1.0
1.0
1.0
1.0
1.0
1.0
1.0
1.0
1.0
1.0
1.0
1.0
1.0
1.0
1.0
1.0
1.0
1.0
1.0
1.0
1.0
1.0
1.0
1.0
1.0
1.0
1.0
1.0
1.0
1.0
1.0
1.0
1.0
1.0
1.0
1.0
1.0
1.0
1.0
1.0
1.0
1.0
1.0
1.0
1.0
1.0
1.0
1.0
1.0
1.0
1.0
1.0
1.0
1.0
1.0
1.0
1.0
1.0
1.0
1.0
1.0
1.0
1.0
1.0
1.0
1.0
1.0
1.0
1.0
1.0
1.0
1.0
1.0
1.0
1.0
1.0
1.0
1.0
1.0
1.0
1.0
1.0
1.0
1.0
1.0
1.0
1.0
1.0
1.0
1.0
1.0
1.0
1.0
1.0
1.0
1.0
1.0
1.0
1.0
1.0
1.0
1.0
1.0
1.0
1.0
1.0
1.0
1.0
1.0
1.0
1.0
1.0
1.0
1.0
1.0
1.0
1.0
1.0
1.0
1.0
1.0
1.0
1.0
1.0
1.0
1.0
1.0
1.0
1.0
1.0
1.0
1.0
1.0
1.0
1.0
1.0
1.0
1.0
1.0
1.0
1.0
1.0
1.0
1.0
1.0
1.0
1.0
1.0
1.0
1.0
1.0
1.0
1.0
1.0
1.0
1.0
1.0
1.0
1.0
1.0
1.0
1.0
1.0
1.0
1.0
1.0
1.0
1.0
1.0
1.0
1.0
1.0
1.0
1.0
1.0
1.0
1.0
1.0
1.0
1.0
1.0
1.0
1.0
1.0
1.0
1.0
1.0
1.0
1.0
1.0
1.0
1.0
1.0
1.0
1.0
1.0
1.0
1.0
1.0
1.0
1.0
1.0
1.0
1.0
1.0
1.0
1.0
1.0
1.0
1.0
1.0
1.0
1.0
1.0
1.0
1.0
1.0
1.0
1.0
1.0
1.0
1.0
1.0
1.0
1.0
1.0
1.0
1.0
1.0
1.0
1.0
1.0
1.0
1.0
1.0
1.0
1.0
1.0
1.0
1.0
1.0
1.0
1.0
1.0
1.0
1.0
1.0
1.0
1.0
1.0
1.0
1.0
1.0
1.0
1.0
1.0
1.0
1.0
1.0
1.0
1.0
1.0
1.0
1.0
1.0
1.0
1.0
1.0
1.0
1.0
1.0
1.0
1.0
1.0
1.0
1.0
1.0
1.0
1.0
1.0
1.0
1.0
1.0
1.0
1.0
1.0
1.0
1.0
1.0
1.0
1.0
1.0
1.0
1.0
1.0
1.0
1.0
1.0
1.0
1.0
1.0
1.0
1.0
1.0
1.0
1.0
1.0
1.0
1.0
1.0
1.0
1.0
1.0
1.0
1.0
1.0
1.0
1.0
1.0
1.0
1.0
1.0
1.0
1.0
1.0
1.0
1.0
1.0
1.0
1.0
1.0
1.0
1.0
1.0
1.0
1.0
1.0
1.0
1.0
1.0
1.0
1.0
1.0
1.0
1.0
1.0
1.0
1.0
1.0
1.0
1.0
1.0
1.0
1.0
1.0
1.0
1.0
1.0
1.0
1.0
1.0
1.0
1.0
1.0
1.0
1.0
1.0
1.0
1.0
1.0
1.0
1.0
1.0
1.0
1.0
1.0
1.0
1.0
1.0
1.0
1.0
1.0
1.0
1.0
1.0
1.0
1.0
1.0
1.0
1.0
1.0
1.0
1.0
1.0
1.0
1.0
1.0
1.0
1.0
1.0
1.0
1.0
1.0
1.0
1.0
1.0
1.0
1.0
1.0
1.0
1.0
1.0
1.0
1.0
1.0
1.0
1.0
1.0
1.0
1.0
1.0
1.0
1.0
1.0
1.0
1.0
1.0
1.0
1.0
1.0
1.0
1.0
1.0
1.0
1.0
1.0
1.0
1.0
1.0
1.0
1.0
1.0
1.0
1.0
1.0
1.0
1.0
1.0
1.0
1.0
1.0
1.0
1.0
1.0
1.0
1.0
1.0
1.0
1.0
1.0
1.0
1.0
1.0
1.0
1.0
1.0
1.0
1.0
1.0
1.0
1.0
1.0
1.0
1.0
1.0
1.0
1.0
1.0
1.0
1.0
1.0
1.0
1.0
1.0
1.0
1.0
1.0
1.0
1.0
1.0
1.0
1.0
1.0
1.0
1.0
1.0
1.0
1.0
1.0
1.0
1.0
1.0
1.0
1.0
1.0
1.0
1.0
1.0
1.0
1.0
1.0
1.0
1.0
1.0
1.0
1.0
1.0
1.0
1.0
1.0
1.0
1.0
1.0
1.0
1.0
1.0
1.0
1.0
1.0
1.0
1.0
1.0
1.0
1.0
1.0
1.0
1.0
1.0
1.0
1.0
1.0
1.0
1.0
1.0
1.0
1.0
1.0
1.0
1.0
1.0
1.0
1.0
1.0
1.0
1.0
1.0
1.0
1.0
1.0
1.0
1.0
1.0
1.0
1.0
1.0
1.0
1.0
1.0
1.0
1.0
1.0
1.0
1.0
1.0
1.0
1.0
1.0
1.0
1.0
1.0
1.0
1.0
1.0
1.0
1.0
1.0
1.0
1.0
1.0
1.0
1.0
1.0
1.0
1.0
1.0
1.0
1.0
1.0
1.0
1.0
1.0
1.0
1.0
1.0
1.0
1.0
1.0
1.0
1.0
1.0
1.0
1.0
1.0
1.0
1.0
1.0
1.0
1.0
1.0
1.0
1.0
1.0
1.0
1.0
1.0
1.0
1.0
1.0
1.0
1.0
1.0
1.0
1.0
1.0
1.0
1.0
1.0
1.0
1.0
1.0
1.0
1.0
1.0
1.0
1.0
1.0
1.0
1.0
1.0
1.0
1.0
1.0
1.0
1.0
1.0
1.0
1.0
1.0
1.0
1.0
1.0
1.0
1.0
1.0
1.0
1.0
1.0
1.0
1.0
1.0
1.0
1.0
1.0
1.0
1.0
1.0
1.0
1.0
1.0
1.0
1.0
1.0
1.0
1.0
1.0
1.0
1.0
1.0
1.0
1.0
1.0
1.0
1.0
1.0
1.0
1.0
1.0
1.0
1.0
1.0
1.0
1.0
1.0
1.0
1.0
1.0
1.0
1.0
1.0
1.0
1.0
1.0
1.0
1.0
1.0
1.0
1.0
1.0
1.0
1.0
1.0
1.0
1.0
1.0
1.0
1.0
1.0
1.0
1.0
1.0
1.0
1.0
1.0
1.0
1.0
1.0
1.0
1.0
1.0
1.0
1.0
1.0
1.0
1.0
1.0
1.0
1.0
1.0
1.0
1.0
1.0
1.0
1.0
1.0
1.0
1.0
1.0
1.0
1.0
1.0
1.0
1.0
1.0
1.0
1.0
1.0
1.0
1.0
1.0
1.0
1.0
1.0
1.0
1.0
1.0
1.0
1.0
1.0
1.0
1.0
1.0
1.0
1.0
1.0
1.0
1.0
1.0
1.0
1.0
1.0
1.0
1.0
1.0
1.0
1.0
1.0
1.0
1.0
1.0
1.0
1.0
1.0
1.0
1.0
1.0
1.0
1.0
1.0
1.0
1.0
1.0
1.0
1.0
1.0
1.0
1.0
1.0
1.0
1.0
1.0
1.0
1.0
1.0
1.0
1.0
1.0
1.0
1.0
1.0
1.0
1.0
1.0
1.0
1.0
1.0
1.0
1.0
1.0
1.0
1.0
1.0
1.0
1.0
1.0
1.0
1.0
1.0
1.0
1.0
1.0
1.0
1.0
1.0
1.0
1.0
1.0
1.0
1.0
1.0
1.0
1.0
1.0
1.0
1.0
1.0
1.0
1.0
1.0
1.0
1.0
1.0
1.0
1.0
1.0
1.0
1.0
1.0
1.0
1.0
1.0
1.0
1.0
1.0
1.0
1.0
1.0
1.0
1.0
1.0
1.0
1.0
1.0
1.0
1.0
1.0
1.0
1.0
1.0
1.0
1.0
1.0
1.0
1.0
1.0
1.0
1.0
1.0
1.0
1.0
1.0
1.0
1.0
1.0
1.0
1.0
1.0
1.0
1.0
1.0
1.0
1.0
1.0
1.0
1.0
1.0
1.0
1.0
1.0
1.0
1.0
1.0
1.0
1.0
1.0
1.0
1.0
1.0
1.0
1.0
1.0
1.0
1.0
1.0
1.0
1.0
1.0
1.0
1.0
1.0
1.0
1.0
1.0
1.0
1.0
1.0
1.0
1.0
1.0
1.0
1.0
1.0
1.0
1.0
1.0
1.0
1.0
1.0
1.0
1.0
1.0
1.0
1.0
1.0
1.0
1.0
1.0
1.0
1.0
1.0
1.0
1.0
1.0
1.0
1.0
1.0
1.0
1.0
1.0
1.0
1.0
1.0
1.0
1.0
1.0
1.0
1.0
1.0
1.0
1.0
1.0
1.0
1.0
1.0
1.0
1.0
1.0
1.0
1.0
1.0
1.0
1.0
1.0
1.0
1.0
1.0
1.0
1.0
1.0
1.0
1.0
1.0
1.0
1.0
1.0
1.0
1.0
1.0
1.0
1.0
1.0
1.0
1.0
1.0
1.0
1.0
1.0
1.0
1.0
1.0
1.0
1.0
1.0
1.0
1.0
1.0
1.0
1.0
1.0
1.0
1.0
1.0
1.0
1.0
1.0
1.0
1.0
1.0
1.0
1.0
1.0
1.0
1.0
1.0
1.0
1.0
1.0
1.0
1.0
1.0
1.0
1.0
1.0
1.0
1.0
1.0
1.0
1.0
1.0
1.0
1.0
1.0
1.0
1.0
1.0
1.0
1.0
1.0
1.0
1.0
1.0
1.0
1.0
1.0
1.0
1.0
1.0
1.0
1.0
1.0
1.0
1.0
1.0
1.0
1.0
1.0
1.0
1.0
1.0
1.0
1.0
1.0
1.0
1.0
1.0
1.0
1.0
1.0
1.0
1.0
1.0
1.0
1.0
1.0
1.0
1.0
1.0
1.0
1.0
1.0
1.0
1.0
1.0
1.0
1.0
1.0
1.0
1.0
1.0
1.0
1.0
1.0
1.0
1.0
1.0
1.0
1.0
1.0
1.0
1.0
1.0
1.0
1.0
1.0
1.0
1.0
1.0
1.0
1.0
1.0
1.0
1.0
1.0
1.0
1.0
1.0
1.0
1.0
1.0
1.0
1.0
1.0
1.0
1.0
1.0
1.0
1.0
1.0
1.0
1.0
1.0
1.0
1.0
1.0
1.0
1.0
1.0
1.0
1.0
1.0
1.0
1.0
1.0
1.0
1.0
1.0
1.0
1.0
1.0
1.0
1.0
1.0
1.0
1.0
1.0
1.0
1.0
1.0
1.0
1.0
1.0
1.0
1.0
1.0
1.0
1.0
1.0
1.0
1.0
1.0
1.0
1.0
1.0
1.0
1.0
1.0
1.0
1.0
1.0
1.0
1.0
1.0
1.0
1.0
1.0
1.0
1.0
1.0
1.0
1.0
1.0
1.0
1.0
1.0
1.0
1.0
1.0
1.0
1.0
1.0
1.0
1.0
1.0
1.0
1.0
1.0
1.0
1.0
1.0
1.0
1.0
1.0
1.0
1.0
1.0
1.0
1.0
1.0
1.0
1.0
1.0
1.0
1.0
1.0
1.0
1.0
1.0
1.0
1.0
1.0
1.0
1.0
1.0
1.0
1.0
1.0
1.0
1.0
1.0
1.0
1.0
1.0
1.0
1.0
1.0
1.0
1.0
1.0
1.0
1.0
1.0
1.0
1.0
1.0
1.0
1.0
1.0
1.0
1.0
1.0
1.0
1.0
1.0
1.0
1.0
1.0
1.0
1.0
1.0
1.0
1.0
1.0
1.0
1.0
1.0
1.0
1.0
1.0
1.0
1.0
1.0
1.0
1.0
1.0
1.0
1.0
1.0
1.0
1.0
1.0
1.0
1.0
1.0
1.0
1.0
1.0
1.0
1.0
1.0
1.0
1.0
1.0
1.0
1.0
1.0
1.0
1.0
1.0
1.0
1.0
1.0
1.0
1.0
1.0
1.0
1.0
1.0
1.0
1.0
1.0
1.0
1.0
1.0
1.0
1.0
1.0
1.0
1.0
1.0
1.0
1.0
1.0
1.0
1.0
1.0
1.0
1.0
1.0
1.0
1.0
1.0
1.0
1.0
1.0
1.0
1.0
1.0
1.0
1.0
1.0
1.0
1.0
1.0
1.0
1.0
1.0
1.0
1.0
1.0
1.0
1.0
1.0
1.0
1.0
1.0
1.0
1.0
1.0
1.0
1.0
1.0
1.0
1.0
1.0
1.0
1.0
1.0
1.0
1.0
1.0
1.0
1.0
1.0
1.0
1.0
1.0
1.0
1.0
1.0
1.0
1.0
1.0
1.0
1.0
1.0
1.0
1.0
1.0
1.0
1.0
1.0
1.0
1.0
1.0
1.0
1.0
1.0
1.0
1.0
1.0
1.0
1.0
1.0
1.0
1.0
1.0
1.0
1.0
1.0
1.0
1.0
1.0
1.0
1.0
1.0
1.0
1.0
1.0
1.0
1.0
1.0
1.0
1.0
1.0
1.0
1.0
1.0
1.0
1.0
1.0
1.0
1.0
1.0
1.0
1.0
1.0
1.0
1.0
1.0
1.0
1.0
1.0
1.0
1.0
1.0
1.0
1.0
1.0
1.0
1.0
1.0
1.0
1.0
1.0
1.0
1.0
1.0
1.0
1.0
1.0
1.0
1.0
1.0
1.0
1.0
1.0
1.0
1.0
1.0
1.0
1.0
1.0
1.0
1.0
1.0
1.0
1.0
1.0
1.0
1.0
1.0
1.0
1.0
1.0
1.0
1.0
1.0
1.0
1.0
1.0
1.0
1.0
1.0
1.0
1.0
1.0
1.0
1.0
1.0
1.0
1.0
1.0
1.0
1.0
1.0
1.0
1.0
1.0
1.0
1.0
1.0
1.0
1.0
1.0
1.0
1.0
1.0
1.0
1.0
1.0
1.0
1.0
1.0
1.0
1.0
1.0
1.0
1.0
1.0
1.0
1.0
1.0
1.0
1.0
1.0
1.0
1.0
1.0
1.0
1.0
1.0
1.0
1.0
1.0
1.0
1.0
1.0
1.0
1.0
1.0
1.0
1.0
1.0
1.0
1.0
1.0
1.0
1.0
1.0
1.0
1.0
1.0
1.0
1.0
1.0
1.0
1.0
1.0
1.0
1.0
1.0
1.0
1.0
1.0
1.0
1.0
1.0
1.0
1.0
1.0
1.0
1.0
1.0
1.0
1.0
1.0
1.0
1.0
1.0
1.0
1.0
1.0
1.0
1.0
1.0
1.0
1.0
1.0
1.0
1.0
1.0
1.0
1.0
1.0
1.0
1.0
1.0
1.0
1.0
1.0
1.0
1.0
1.0
1.0
1.0
1.0
1.0
1.0
1.0
1.0
1.0
1.0
1.0
1.0
1.0
1.0
1.0
1.0
1.0
1.0
1.0
1.0
1.0
1.0
1.0
1.0
1.0
1.0
1.0
1.0
1.0
1.0
1.0
1.0
1.0
1.0
1.0
1.0
1.0
1.0
1.0
1.0
1.0
1.0
1.0
1.0
1.0
1.0
1.0
1.0
1.0
1.0
1.0
1.0
1.0
1.0
1.0
1.0
1.0
1.0
1.0
1.0
1.0
1.0
1.0
1.0
1.0
1.0
1.0
1.0
1.0
1.0
1.0
1.0
1.0
1.0
1.0
1.0
1.0
1.0
1.0
1.0
1.0
1.0
1.0
1.0
1.0
1.0
1.0
1.0
1.0
1.0
1.0
1.0
1.0
1.0
1.0
1.0
1.0
1.0
1.0
1.0
1.0
1.0
1.0
1.0
1.0
1.0
1.0
1.0
1.0
1.0
1.0
1.0
1.0
1.0
1.0
1.0
1.0
1.0
1.0
1.0
1.0
1.0
1.0
1.0
1.0
1.0
1.0
1.0
1.0
1.0
1.0
1.0
1.0
1.0
1.0
1.0
1.0
1.0
1.0
1.0
1.0
1.0
1.0
1.0
1.0
1.0
1.0
1.0
1.0
1.0
1.0
1.0
1.0
1.0
1.0
1.0
1.0
1.0
1.0
1.0
1.0
1.0
1.0
1.0
1.0
1.0
1.0
1.0
1.0
1.0
1.0
1.0
1.0
1.0
1.0
1.0
1.0
1.0
1.0
1.0
1.0
1.0
1.0
1.0
1.0
1.0
1.0
1.0
1.0
1.0
1.0
1.0
1.0
1.0
1.0
1.0
1.0
1.0
1.0
1.0
1.0
1.0
1.0
1.0
1.0
1.0
1.0
1.0
1.0
1.0
1.0
1.0
1.0
1.0
1.0
1.0
1.0
1.0
1.0
1.0
1.0
1.0
1.0
1.0
1.0
1.0
1.0
1.0
1.0
1.0
1.0
1.0
1.0
1.0
1.0
1.0
1.0
1.0
1.0
1.0
1.0
1.0
1.0
1.0
1.0
1.0
1.0
1.0
1.0
1.0
1.0
1.0
1.0
1.0
1.0
1.0
1.0
1.0
1.0
1.0
1.0
1.0
1.0
1.0
1.0
1.0
1.0
1.0
1.0
1.0
1.0
1.0
1.0
1.0
1.0
1.0
1.0
1.0
1.0
1.0
1.0
1.0
1.0
1.0
1.0
1.0
1.0
1.0
1.0
1.0
1.0
1.0
1.0
1.0
1.0
1.0
1.0
1.0
1.0
1.0
1.0
1.0
1.0
1.0
1.0
1.0
1.0
1.0
1.0
1.0
1.0
1.0
1.0
1.0
1.0
1.0
1.0
1.0
1.0
1.0
1.0
1.0
1.0
1.0
1.0
1.0
1.0
1.0
1.0
1.0
1.0
1.0
1.0
1.0
1.0
1.0
1.0
1.0
1.0
1.0
1.0
1.0
1.0
1.0
1.0
1.0
1.0
1.0
1.0
1.0
1.0
1.0
1.0
1.0
1.0
1.0
1.0
1.0
1.0
1.0
1.0
1.0
1.0
1.0
1.0
1.0
1.0
1.0
1.0
1.0
1.0
1.0
1.0
1.0
1.0
1.0
1.0
1.0
1.0
1.0
1.0
1.0
1.0
1.0
1.0
1.0
1.0
1.0
1.0
1.0
1.0
1.0
1.0
1.0
1.0
1.0
1.0
1.0
1.0
1.0
1.0
1.0
1.0
1.0
1.0
1.0
1.0
1.0
1.0
1.0
1.0
1.0
1.0
1.0
1.0
1.0
1.0
1.0
1.0
1.0
1.0
1.0
1.0
1.0
1.0
1.0
1.0
1.0
1.0
1.0
1.0
1.0
1.0
1.0
1.0
1.0
1.0
1.0
1.0
1.0
1.0
1.0
1.0
1.0
1.0
1.0
1.0
1.0
1.0
1.0
1.0
1.0
1.0
1.0
1.0
1.0
1.0
1.0
1.0
1.0
1.0
1.0
1.0
1.0
1.0
1.0
1.0
1.0
1.0
1.0
1.0
1.0
1.0
1.0
1.0
1.0
1.0
1.0
1.0
1.0
1.0
1.0
1.0
1.0
1.0
1.0
1.0
1.0
1.0
1.0
1.0
1.0
1.0
1.0
1.0
1.0
1.0
1.0
1.0
1.0
1.0
1.0
1.0
1.0
1.0
1.0
1.0
1.0
1.0
1.0
1.0
1.0
1.0
1.0
1.0
1.0
1.0
1.0
1.0
1.0
1.0
1.0
1.0
1.0
1.0
1.0
1.0
1.0
1.0
1.0
1.0
1.0
1.0
1.0
1.0
1.0
1.0
1.0
1.0
1.0
1.0
1.0
1.0
1.0
1.0
1.0
1.0
1.0
1.0
1.0
1.0
1.0
1.0
1.0
1.0
1.0
1.0
1.0
1.0
1.0
1.0
1.0
1.0
1.0
1.0
1.0
1.0
1.0
1.0
1.0
1.0
1.0
1.0
1.0
1.0
1.0
1.0
1.0
1.0
1.0
1.0
1.0
1.0
1.0
1.0
1.0
1.0
1.0
1.0
1.0
1.0
1.0
1.0
1.0
1.0
1.0
1.0
1.0
1.0
1.0
1.0
1.0
1.0
1.0
1.0
1.0
1.0
1.0
1.0
1.0
1.0
1.0
1.0
1.0
1.0
1.0
1.0
1.0
1.0
1.0
1.0
1.0
1.0
1.0
1.0
1.0
1.0
1.0
1.0
1.0
1.0
1.0
1.0
1.0
1.0
1.0
1.0
1.0
1.0
1.0
1.0
1.0
1.0
1.0
1.0
1.0
1.0
1.0
1.0
1.0
1.0
1.0
1.0
1.0
1.0
1.0
1.0
1.0
1.0
1.0
1.0
1.0
1.0
1.0
1.0
1.0
1.0
1.0
1.0
1.0
1.0
1.0
1.0
1.0
1.0
1.0
1.0
1.0
1.0
1.0
1.0
1.0
1.0
1.0
1.0
1.0
1.0
1.0
1.0
1.0
1.0
1.0
1.0
1.0
1.0
1.0
1.0
1.0
1.0
1.0
1.0
1.0
1.0
1.0
1.0
1.0
1.0
1.0
1.0
1.0
1.0
1.0
1.0
1.0
1.0
1.0
1.0
1.0
1.0
1.0
1.0
1.0
1.0
1.0
1.0
1.0
1.0
1.0
1.0
1.0
1.0
1.0
1.0
1.0
1.0
1.0
1.0
1.0
1.0
1.0
1.0
1.0
1.0
1.0
1.0
1.0
1.0
1.0
1.0
1.0
1.0
1.0
1.0
1.0
1.0
1.0
1.0
1.0
1.0
1.0
1.0
1.0
1.0
1.0
1.0
1.0
1.0
1.0
1.0
1.0
1.0
1.0
1.0
1.0
1.0
1.0
1.0
1.0
1.0
1.0
1.0
1.0
1.0
1.0
1.0
1.0
1.0
1.0
1.0
1.0
1.0
1.0
1.0
1.0
1.0
1.0
1.0
1.0
1.0
1.0
1.0
1.0
1.0
1.0
1.0
1.0
1.0
1.0
1.0
1.0
1.0
1.0
1.0
1.0
1.0
1.0
1.0
1.0
1.0
1.0
1.0
1.0
1.0
1.0
1.0
1.0
1.0
1.0
1.0
1.0
1.0
1.0
1.0
1.0
1.0
1.0
1.0
1.0
1.0
1.0
1.0
1.0
1.0
1.0
1.0
1.0
1.0
1.0
1.0
1.0
1.0
1.0
1.0
1.0
1.0
1.0
1.0
1.0
1.0
1.0
1.0
1.0
1.0
1.0
1.0
1.0
1.0
1.0
1.0
1.0
1.0
1.0
1.0
1.0
1.0
1.0
1.0
1.0
1.0
1.0
1.0
1.0
1.0
1.0
1.0
1.0
1.0
1.0
1.0
1.0
1.0
1.0
1.0
1.0
1.0
1.0
1.0
1.0
1.0
1.0
1.0
1.0
1.0
1.0
1.0
1.0
1.0
1.0
1.0
1.0
1.0
1.0
1.0
1.0
1.0
1.0
1.0
1.0
1.0
1.0
1.0
1.0
1.0
1.0
1.0
1.0
1.0
1.0
1.0
1.0
1.0
1.0
1.0
1.0
1.0
1.0
1.0
1.0
1.0
1.0
1.0
1.0
1.0
1.0
1.0
1.0
1.0
1.0
1.0
1.0
1.0
1.0
1.0
1.0
1.0
1.0
1.0
1.0
1.0
1.0
1.0
1.0
1.0
1.0
1.0
1.0
1.0
1.0
1.0
1.0
1.0
1.0
1.0
1.0
1.0
1.0
1.0
1.0
1.0
1.0
1.0
1.0
1.0
1.0
1.0
1.0
1.0
1.0
1.0
1.0
1.0
1.0
1.0
1.0
1.0
1.0
1.0
1.0
1.0
1.0
1.0
1.0
1.0
1.0
1.0
1.0
1.0
1.0
1.0
1.0
1.0
1.0
1.0
1.0
1.0
1.0
1.0
1.0
1.0
1.0
1.0
1.0
1.0
1.0
1.0
1.0
1.0
1.0
1.0
1.0
1.0
1.0
1.0
1.0
1.0
1.0
1.0
1.0
1.0
1.0
1.0
1.0
1.0
1.0
1.0
1.0
1.0
1.0
1.0
1.0
1.0
1.0
1.0
1.0
1.0
1.0
1.0
1.0
1.0
1.0
1.0
1.0
1.0
1.0
1.0
1.0
1.0
1.0
1.0
1.0
1.0
1.0
1.0
1.0
1.0
1.0
1.0
1.0
1.0
1.0
1.0
1.0
1.0
1.0
1.0
1.0
1.0
1.0
1.0
1.0
1.0
1.0
1.0
1.0
1.0
1.0
1.0
1.0
1.0
1.0
1.0
1.0
1.0
1.0
1.0
1.0
1.0
1.0
1.0
1.0
1.0
1.0
1.0
1.0
1.0
1.0
1.0
1.0
1.0
1.0
1.0
1.0
1.0
1.0
1.0
1.0
1.0
1.0
1.0
1.0
1.0
1.0
1.0
1.0
1.0
1.0
1.0
1.0
1.0
1.0
1.0
1.0
1.0
1.0
1.0
1.0
1.0
1.0
1.0
1.0
1.0
1.0
1.0
1.0
1.0
1.0
1.0
1.0
1.0
1.0
1.0
1.0
1.0
1.0
1.0
1.0
1.0
1.0
1.0
1.0
1.0
1.0
1.0
1.0
1.0
1.0
1.0
1.0
1.0
1.0
1.0
1.0
1.0
1.0
1.0
1.0
1.0
1.0
1.0
1.0
1.0
1.0
1.0
1.0
1.0
1.0
1.0
1.0
1.0
1.0
1.0
1.0
1.0
1.0
1.0
1.0
1.0
1.0
1.0
1.0
1.0
1.0
1.0
1.0
1.0
1.0
1.0
1.0
1.0
1.0
1.0
1.0
1.0
1.0
1.0
1.0
1.0
1.0
1.0
1.0
1.0
1.0
1.0
1.0
1.0
1.0
1.0
1.0
1.0
1.0
1.0
1.0
1.0
1.0
1.0
1.0
1.0
1.0
1.0
1.0
1.0
1.0
1.0
1.0
1.0
1.0
1.0
1.0
1.0
1.0
1.0
1.0
1.0
1.0
1.0
1.0
1.0
1.0
1.0
1.0
1.0
1.0
1.0
1.0
1.0
1.0
1.0
1.0
1.0
1.0
1.0
1.0
1.0
1.0
1.0
1.0
1.0
1.0
1.0
1.0
1.0
1.0
1.0
1.0
1.0
1.0
1.0
1.0
1.0
1.0
1.0
1.0
1.0
1.0
1.0
1.0
1.0
1.0
1.0
1.0
1.0
1.0
1.0
1.0
1.0
1.0
1.0
1.0
1.0
1.0
1.0
1.0
1.0
1.0
1.0
1.0
1.0
1.0
1.0
1.0
1.0
1.0
1.0
1.0
1.0
1.0
1.0
1.0
1.0
1.0
1.0
1.0
1.0
1.0
1.0
1.0
1.0
1.0
1.0
1.0
1.0
1.0
1.0
1.0
1.0
1.0
1.0
1.0
1.0
1.0
1.0
1.0
1.0
1.0
1.0
1.0
1.0
1.0
1.0
1.0
1.0
1.0
1.0
1.0
1.0
1.0
1.0
1.0
1.0
1.0
1.0
1.0
1.0
1.0
1.0
1.0
1.0
1.0
1.0
1.0
1.0
1.0
1.0
1.0
1.0
1.0
1.0
1.0
1.0
1.0
1.0
1.0
1.0
1.0
1.0
1.0
1.0
1.0
1.0
1.0
1.0
1.0
1.0
1.0
1.0
1.0
1.0
1.0
1.0
1.0
1.0
1.0
1.0
1.0
1.0
1.0
1.0
1.0
1.0
1.0
1.0
1.0
1.0
1.0
1.0
1.0
1.0
1.0
1.0
1.0
1.0
1.0
1.0
1.0
1.0
1.0
1.0
1.0
1.0
1.0
1.0
1.0
1.0
1.0
1.0
1.0
1.0
1.0
1.0
1.0
1.0
1.0
1.0
1.0
1.0
1.0
1.0
1.0
1.0
1.0
1.0
1.0
1.0
1.0
1.0
1.0
1.0
1.0
1.0
1.0
1.0
1.0
1.0
1.0
1.0
1.0
1.0
1.0
1.0
1.0
1.0
1.0
1.0
1.0
1.0
1.0
1.0
1.0
1.0
1.0
1.0
1.0
1.0
1.0
1.0
1.0
1.0
1.0
1.0
1.0
1.0
1.0
1.0
1.0
1.0
1.0
1.0
1.0
1.0
1.0
1.0
1.0
1.0
1.0
1.0
1.0
1.0
1.0
1.0
1.0
1.0
1.0
1.0
1.0
1.0
1.0
1.0
1.0
1.0
1.0
1.0
1.0
1.0
1.0
1.0
1.0
1.0
1.0
1.0
1.0
1.0
1.0
1.0
1.0
1.0
1.0
1.0
1.0
1.0
1.0
1.0
1.0
1.0
1.0
1.0
1.0
1.0
1.0
1.0
1.0
1.0
1.0
1.0
1.0
1.0
1.0
1.0
1.0
1.0
1.0
1.0
1.0
1.0
1.0
1.0
1.0
1.0
1.0
1.0
1.0
1.0
1.0
1.0
1.0
1.0
1.0
1.0
1.0
1.0
1.0
1.0
1.0
1.0
1.0
1.0
1.0
1.0
1.0
1.0
1.0
1.0
1.0
1.0
1.0
1.0
1.0
1.0
1.0
1.0
1.0
1.0
1.0
1.0
1.0
1.0
1.0
1.0
1.0
1.0
1.0
1.0
1.0
1.0
1.0
1.0
1.0
1.0
1.0
1.0
1.0
1.0
1.0
1.0
1.0
1.0
1.0
1.0
1.0
1.0
1.0
1.0
1.0
1.0
1.0
1.0
1.0
1.0
1.0
1.0
1.0
1.0
1.0
1.0
1.0
1.0
1.0
1.0
1.0
1.0
1.0
1.0
1.0
1.0
1.0
1.0
1.0
1.0
1.0
1.0
1.0
1.0
1.0
1.0
1.0
1.0
1.0
1.0
1.0
1.0
1.0
1.0
1.0
1.0
1.0
1.0
1.0
1.0
1.0
1.0
1.0
1.0
1.0
1.0
1.0
1.0
1.0
1.0
1.0
1.0
1.0
1.0
1.0
1.0
1.0
1.0
1.0
1.0
1.0
1.0
1.0
1.0
1.0
1.0
1.0
1.0
1.0
1.0
1.0
1.0
1.0
1.0
1.0
1.0
1.0
1.0
1.0
1.0
1.0
1.0
1.0
1.0
1.0
1.0
1.0
1.0
1.0
1.0
1.0
1.0
1.0
1.0
1.0
1.0
1.0
1.0
1.0
1.0
1.0
1.0
1.0
1.0
1.0
1.0
1.0
1.0
1.0
1.0
1.0
1.0
1.0
1.0
1.0
1.0
1.0
1.0
1.0
1.0
1.0
1.0
1.0
1.0
1.0
1.0
1.0
1.0
1.0
1.0
1.0
1.0
1.0
1.0
1.0
1.0
1.0
1.0
1.0
1.0
1.0
1.0
1.0
1.0
1.0
1.0
1.0
1.0
1.0
1.0
1.0
1.0
1.0
1.0
1.0
1.0
1.0
1.0
1.0
1.0
1.0
1.0
1.0
1.0
1.0
1.0
1.0
1.0
1.0
1.0
1.0
1.0
1.0
1.0
1.0
1.0
1.0
1.0
1.0
1.0
1.0
1.0
1.0
1.0
1.0
1.0
1.0
1.0
1.0
1.0
1.0
1.0
1.0
1.0
1.0
1.0
1.0
1.0
1.0
1.0
1.0
1.0
1.0
1.0
1.0
1.0
1.0
1.0
1.0
1.0
1.0
1.0
1.0
1.0
1.0
1.0
1.0
1.0
1.0
1.0
1.0
1.0
1.0
1.0
1.0
1.0
1.0
1.0
1.0
1.0
1.0
1.0
1.0
1.0
1.0
1.0
1.0
1.0
1.0
1.0
1.0
1.0
1.0
1.0
1.0
1.0
1.0
1.0
1.0
1.0
1.0
1.0
1.0
1.0
1.0
1.0
1.0
1.0
1.0
1.0
1.0
1.0
1.0
1.0
1.0
1.0
1.0
1.0
1.0
1.0
1.0
1.0
1.0
1.0
1.0
1.0
1.0
1.0
1.0
1.0
1.0
1.0
1.0
1.0
1.0
1.0
1.0
1.0
1.0
1.0
1.0
1.0
1.0
1.0
1.0
1.0
1.0
1.0
1.0
1.0
1.0
1.0
1.0
1.0
1.0
1.0
1.0
1.0
1.0
1.0
1.0
1.0
1.0
1.0
1.0
1.0
1.0
1.0
1.0
1.0
1.0
1.0
1.0
1.0
1.0
1.0
1.0
1.0
1.0
1.0
1.0
1.0
1.0
1.0
1.0
1.0
1.0
1.0
1.0
1.0
1.0
1.0
1.0
1.0
1.0
1.0
1.0
1.0
1.0
1.0
1.0
1.0
1.0
1.0
1.0
1.0
1.0
1.0
1.0
1.0
1.0
1.0
1.0
1.0
1.0
1.0
1.0
1.0
1.0
1.0
1.0
1.0
1.0
1.0
1.0
1.0
1.0
1.0
1.0
1.0
1.0
1.0
1.0
1.0
1.0
1.0
1.0
1.0
1.0
1.0
1.0
1.0
1.0
1.0
1.0
1.0
1.0
1.0
1.0
1.0
1.0
1.0
1.0
1.0
1.0
1.0
1.0
1.0
1.0
1.0
1.0
1.0
1.0
1.0
1.0
1.0
1.0
1.0
1.0
1.0
1.0
1.0
1.0
1.0
1.0
1.0
1.0
1.0
1.0
1.0
1.0
1.0
1.0
1.0
1.0
1.0
1.0
1.0
1.0
1.0
1.0
1.0
1.0
1.0
1.0
1.0
1.0
1.0
1.0
1.0
1.0
1.0
1.0
1.0
1.0
1.0
1.0
1.0
1.0
1.0
1.0
1.0
1.0
1.0
1.0
1.0
1.0
1.0
1.0
1.0
1.0
1.0
1.0
1.0
1.0
1.0
1.0
1.0
1.0
1.0
1.0
1.0
1.0
1.0
1.0
1.0
1.0
1.0
1.0
1.0
1.0
1.0
1.0
1.0
1.0
1.0
1.0
1.0
1.0
1.0
1.0
1.0
1.0
1.0
1.0
1.0
1.0
1.0
1.0
1.0
1.0
1.0
1.0
1.0
1.0
1.0
1.0
1.0
1.0
1.0
1.0
1.0
1.0
1.0
1.0
1.0
1.0
1.0
1.0
1.0
1.0
1.0
1.0
1.0
1.0
1.0
1.0
1.0
1.0
1.0
1.0
1.0
1.0
1.0
1.0
1.0
1.0
1.0
1.0
1.0
1.0
1.0
1.0
1.0
1.0
1.0
1.0
1.0
1.0
1.0
1.0
1.0
1.0
1.0
1.0
1.0
1.0
1.0
1.0
1.0
1.0
1.0
1.0
1.0
1.0
1.0
1.0
1.0
1.0
1.0
1.0
1.0
1.0
1.0
1.0
1.0
1.0
1.0
1.0
1.0
1.0
1.0
1.0
1.0
1.0
1.0
1.0
1.0
1.0
1.0
1.0
1.0
1.0
1.0
1.0
1.0
1.0
1.0
1.0
1.0
1.0
1.0
1.0
1.0
1.0
1.0
1.0
1.0
1.0
1.0
1.0
1.0
1.0
1.0
1.0
1.0
1.0
1.0
1.0
1.0
1.0
1.0
1.0
1.0
1.0
1.0
1.0
1.0
1.0
1.0
1.0
1.0
1.0
1.0
1.0
1.0
1.0
1.0
1.0
1.0
1.0
1.0
1.0
1.0
1.0
1.0
1.0
1.0
1.0
1.0
1.0
1.0
1.0
1.0
1.0
1.0
1.0
1.0
1.0
1.0
1.0
1.0
1.0
1.0
1.0
1.0
1.0
1.0
1.0
1.0
1.0
1.0
1.0
1.0
1.0
1.0
1.0
1.0
1.0
1.0
1.0
1.0
1.0
1.0
1.0
1.0
1.0
1.0
1.0
1.0
1.0
1.0
1.0
1.0
1.0
1.0
1.0
1.0
1.0
1.0
1.0
1.0
1.0
1.0
1.0
1.0
1.0
1.0
1.0
1.0
1.0
1.0
1.0
1.0
1.0
1.0
1.0
1.0
1.0
1.0
1.0
1.0
1.0
1.0
1.0
1.0
1.0
1.0
1.0
1.0
1.0
1.0
1.0
1.0
1.0
1.0
1.0
1.0
1.0
1.0
1.0
1.0
1.0
1.0
1.0
1.0
1.0
1.0
1.0
1.0
1.0
1.0
1.0
1.0
1.0
1.0
1.0
1.0
1.0
1.0
1.0
1.0
1.0
1.0
1.0
1.0
1.0
1.0
1.0
1.0
1.0
1.0
1.0
1.0
1.0
1.0
1.0
1.0
1.0
1.0
1.0
1.0
1.0
1.0
1.0
1.0
1.0
1.0
1.0
1.0
1.0
1.0
1.0
1.0
1.0
1.0
1.0
1.0
1.0
1.0
1.0
1.0
1.0
1.0
1.0
1.0
1.0
1.0
1.0
1.0
1.0
1.0
1.0
1.0
1.0
1.0
1.0
1.0
1.0
1.0
1.0
1.0
1.0
1.0
1.0
1.0
1.0
1.0
1.0
1.0
1.0
1.0
1.0
1.0
1.0
1.0
1.0
1.0
1.0
1.0
1.0
1.0
1.0
1.0
1.0
1.0
1.0
1.0
1.0
1.0
1.0
1.0
1.0
1.0
1.0
1.0
1.0
1.0
1.0
1.0
1.0
1.0
1.0
1.0
1.0
1.0
1.0
1.0
1.0
1.0
1.0
1.0
1.0
1.0
1.0
1.0
1.0
1.0
1.0
1.0
1.0
1.0
1.0
1.0
1.0
1.0
1.0
1.0
1.0
1.0
1.0
1.0
1.0
1.0
1.0
1.0
1.0
1.0
1.0
1.0
1.0
1.0
1.0
1.0
1.0
1.0
1.0
1.0
1.0
1.0
1.0
1.0
1.0
1.0
1.0
1.0
1.0
1.0
1.0
1.0
1.0
1.0
1.0
1.0
1.0
1.0
1.0
1.0
1.0
1.0
1.0
1.0
1.0
1.0
1.0
1.0
1.0
1.0
1.0
1.0
1.0
1.0
1.0
1.0
1.0
1.0
1.0
1.0
1.0
1.0
1.0
1.0
1.0
1.0
1.0
1.0
1.0
1.0
1.0
1.0
1.0
1.0
1.0
1.0
1.0
1.0
1.0
1.0
1.0
1.0
1.0
1.0
1.0
1.0
1.0
1.0
1.0
1.0
1.0
1.0
1.0
1.0
1.0
1.0
1.0
1.0
1.0
1.0
1.0
1.0
1.0
1.0
1.0
1.0
1.0
1.0
1.0
1.0
1.0
1.0
1.0
1.0
1.0
1.0
1.0
1.0
1.0
1.0
1.0
1.0
1.0
1.0
1.0
1.0
1.0
1.0
1.0
1.0
1.0
1.0
1.0
1.0
1.0
1.0
1.0
1.0
1.0
1.0
1.0
1.0
1.0
1.0
1.0
1.0
1.0
1.0
1.0
1.0
1.0
1.0
1.0
1.0
1.0
1.0
1.0
1.0
1.0
1.0
1.0
1.0
1.0
1.0
1.0
1.0
1.0
1.0
1.0
1.0
1.0
1.0
1.0
1.0
1.0
1.0
1.0
1.0
1.0
1.0
1.0
1.0
1.0
1.0
1.0
1.0
1.0
1.0
1.0
1.0
1.0
1.0
1.0
1.0
1.0
1.0
1.0
1.0
1.0
1.0
1.0
1.0
1.0
1.0
1.0
1.0
1.0
1.0
1.0
1.0
1.0
1.0
1.0
1.0
1.0
1.0
1.0
1.0
1.0
1.0
1.0
1.0
1.0
1.0
1.0
1.0
1.0
1.0
1.0
1.0
1.0
1.0
1.0
1.0
1.0
1.0
1.0
1.0
1.0
1.0
1.0
1.0
1.0
1.0
1.0
1.0
1.0
1.0
1.0
1.0
1.0
1.0
1.0
1.0
1.0
1.0
1.0
1.0
1.0
1.0
1.0
1.0
1.0
1.0
1.0
1.0
1.0
1.0
1.0
1.0
1.0
1.0
1.0
1.0
1.0
1.0
1.0
1.0
1.0
1.0
1.0
1.0
1.0
1.0
1.0
1.0
1.0
1.0
1.0
1.0
1.0
1.0
1.0
1.0
1.0
1.0
1.0
1.0
1.0
1.0
1.0
1.0
1.0
1.0
1.0
1.0
1.0
1.0
1.0
1.0
1.0
1.0
1.0
1.0
1.0
1.0
1.0
1.0
1.0
1.0
1.0
1.0
1.0
1.0
1.0
1.0
1.0
1.0
1.0
1.0
1.0
1.0
1.0
1.0
1.0
1.0
1.0
1.0
1.0
1.0
1.0
1.0
1.0
1.0
1.0
1.0
1.0
1.0
1.0
1.0
1.0
1.0
1.0
1.0
1.0
1.0
1.0
1.0
1.0
1.0
1.0
1.0
1.0
1.0
1.0
1.0
1.0
1.0
1.0
1.0
1.0
1.0
1.0
1.0
1.0
1.0
1.0
1.0
1.0
1.0
1.0
1.0
1.0
1.0
1.0
1.0
1.0
1.0
1.0
1.0
1.0
1.0
1.0
1.0
1.0
1.0
1.0
1.0
1.0
1.0
1.0
1.0
1.0
1.0
1.0
1.0
1.0
1.0
1.0
1.0
1.0
1.0
1.0
1.0
1.0
1.0
1.0
1.0
1.0
1.0
1.0
1.0
1.0
1.0
1.0
1.0
1.0
1.0
1.0
1.0
1.0
1.0
1.0
1.0
1.0
1.0
1.0
1.0
1.0
1.0
1.0
1.0
1.0
1.0
1.0
1.0
1.0
1.0
1.0
1.0
1.0
1.0
1.0
1.0
1.0
1.0
1.0
1.0
1.0
1.0
1.0
1.0
1.0
1.0
1.0
1.0
1.0
1.0
1.0
1.0
1.0
1.0
1.0
1.0
1.0
1.0
1.0
1.0
1.0
1.0
1.0
1.0
1.0
1.0
1.0
1.0
1.0
1.0
1.0
1.0
1.0
1.0
1.0
1.0
1.0
1.0
1.0
1.0
1.0
1.0
1.0
1.0
1.0
1.0
1.0
1.0
1.0
1.0
1.0
1.0
1.0
1.0
1.0
1.0
1.0
1.0
1.0
1.0
1.0
1.0
1.0
1.0
1.0
1.0
1.0
1.0
1.0
1.0
1.0
1.0
1.0
1.0
1.0
1.0
1.0
1.0
1.0
1.0
1.0
1.0
1.0
1.0
1.0
1.0
1.0
1.0
1.0
1.0
1.0
1.0
1.0
1.0
1.0
1.0
1.0
1.0
1.0
1.0
1.0
1.0
1.0
1.0
1.0
1.0
1.0
1.0
1.0
1.0
1.0
1.0
1.0
1.0
1.0
1.0
1.0
1.0
1.0
1.0
1.0
1.0
1.0
1.0
1.0
1.0
1.0
1.0
1.0
1.0
1.0
1.0
1.0
1.0
1.0
1.0
1.0
1.0
1.0
1.0
1.0
1.0
1.0
1.0
1.0
1.0
1.0
1.0
1.0
1.0
1.0
1.0
1.0
1.0
1.0
1.0
1.0
1.0
1.0
1.0
1.0
1.0
1.0
1.0
1.0
1.0
1.0
1.0
1.0
1.0
1.0
1.0
1.0
1.0
1.0
1.0
1.0
1.0
1.0
1.0
1.0
1.0
1.0
1.0
1.0
1.0
1.0
1.0
1.0
1.0
1.0
1.0
1.0
1.0
1.0
1.0
1.0
1.0
1.0
1.0
1.0
1.0
1.0
1.0
1.0
1.0
1.0
1.0
1.0
1.0
1.0
1.0
1.0
1.0
1.0
1.0
1.0
1.0
1.0
1.0
1.0
1.0
1.0
1.0
1.0
1.0
1.0
1.0
1.0
1.0
1.0
1.0
1.0
1.0
1.0
1.0
1.0
1.0
1.0
1.0
1.0
1.0
1.0
1.0
1.0
1.0
1.0
1.0
1.0
1.0
1.0
1.0
1.0
1.0
1.0
1.0
1.0
1.0
1.0
1.0
1.0
1.0
1.0
1.0
1.0
1.0
1.0
1.0
1.0
1.0
1.0
1.0
1.0
1.0
1.0
1.0
1.0
1.0
1.0
1.0
1.0
1.0
1.0
1.0
1.0
1.0
1.0
1.0
1.0
1.0
1.0
1.0
1.0
1.0
1.0
1.0
1.0
1.0
1.0
1.0
1.0
1.0
1.0
1.0
1.0
1.0
1.0
1.0
1.0
1.0
1.0
1.0
1.0
1.0
1.0
1.0
1.0
1.0
1.0
1.0
1.0
1.0
1.0
1.0
1.0
1.0
1.0
1.0
1.0
1.0
1.0
1.0
1.0
1.0
1.0
1.0
1.0
1.0
1.0
1.0
1.0
1.0
1.0
1.0
1.0
1.0
1.0
1.0
1.0
1.0
1.0
1.0
1.0
1.0
1.0
1.0
1.0
1.0
1.0
1.0
1.0
1.0
1.0
1.0
1.0
1.0
1.0
1.0
1.0
1.0
1.0
1.0
1.0
1.0
1.0
1.0
1.0
1.0
1.0
1.0
1.0
1.0
1.0
1.0
1.0
1.0
1.0
1.0
1.0
1.0
1.0
1.0
1.0
1.0
1.0
1.0
1.0
1.0
1.0
1.0
1.0
1.0
1.0
1.0
1.0
1.0
1.0
1.0
1.0
1.0
1.0
1.0
1.0
1.0
1.0
1.0
1.0
1.0
1.0
1.0
1.0
1.0
1.0
1.0
1.0
1.0
1.0
1.0
1.0
1.0
1.0
1.0
1.0
1.0
1.0
1.0
1.0
1.0
1.0
1.0
1.0
1.0
1.0
1.0
1.0
1.0
1.0
1.0
1.0
1.0
1.0
1.0
1.0
1.0
1.0
1.0
1.0
1.0
1.0
1.0
1.0
1.0
1.0
1.0
1.0
1.0
1.0
1.0
1.0
1.0
1.0
1.0
1.0
1.0
1.0
1.0
1.0
1.0
1.0
1.0
1.0
1.0
1.0
1.0
1.0
1.0
1.0
1.0
1.0
1.0
1.0
1.0
1.0
1.0
1.0
1.0
1.0
1.0
1.0
1.0
1.0
1.0
1.0
1.0
1.0
1.0
1.0
1.0
1.0
1.0
1.0
1.0
1.0
1.0
1.0
1.0
1.0
1.0
1.0
1.0
1.0
1.0
1.0
1.0
1.0
1.0
1.0
1.0
1.0
1.0
1.0
1.0
1.0
1.0
1.0
1.0
1.0
1.0
1.0
1.0
1.0
1.0
1.0
1.0
1.0
1.0
1.0
1.0
1.0
1.0
1.0
1.0
1.0
1.0
1.0
1.0
1.0
1.0
1.0
1.0
1.0
1.0
1.0
1.0
1.0
1.0
1.0
1.0
1.0
1.0
1.0
1.0
1.0
1.0
1.0
1.0
1.0
1.0
1.0
1.0
1.0
1.0
1.0
1.0
1.0
1.0
1.0
1.0
1.0
1.0
1.0
1.0
1.0
1.0
1.0
1.0
1.0
1.0
1.0
1.0
1.0
1.0
1.0
1.0
1.0
1.0
1.0
1.0
1.0
1.0
1.0
1.0
1.0
1.0
1.0
1.0
1.0
1.0
1.0
1.0
1.0
1.0
1.0
1.0
1.0
1.0
1.0
1.0
1.0
1.0
1.0
1.0
1.0
1.0
1.0
1.0
1.0
1.0
1.0
1.0
1.0
1.0
1.0
1.0
1.0
1.0
1.0
1.0
1.0
1.0
1.0
1.0
1.0
1.0
1.0
1.0
1.0
1.0
1.0
1.0
1.0
1.0
1.0
1.0
1.0
1.0
1.0
1.0
1.0
1.0
1.0
1.0
1.0
1.0
1.0
1.0
1.0
1.0
1.0
1.0
1.0
1.0
1.0
1.0
1.0
1.0
1.0
1.0
1.0
1.0
1.0
1.0
1.0
1.0
1.0
1.0
1.0
1.0
1.0
1.0
1.0
1.0
1.0
1.0
1.0
1.0
1.0
1.0
1.0
1.0
1.0
1.0
1.0
1.0
1.0
1.0
1.0
1.0
1.0
1.0
1.0
1.0
1.0
1.0
1.0
1.0
1.0
1.0
1.0
1.0
1.0
1.0
1.0
1.0
1.0
1.0
1.0
1.0
1.0
1.0
1.0
1.0
1.0
1.0
1.0
1.0
1.0
1.0
1.0
1.0
1.0
1.0
1.0
1.0
1.0
1.0
1.0
1.0
1.0
1.0
1.0
1.0
1.0
1.0
1.0
1.0
1.0
1.0
1.0
1.0
1.0
1.0
1.0
1.0
1.0
1.0
1.0
1.0
1.0
1.0
1.0
1.0
1.0
1.0
1.0
1.0
1.0
1.0
1.0
1.0
1.0
1.0
1.0
1.0
1.0
1.0
1.0
1.0
1.0
1.0
1.0
1.0
1.0
1.0
1.0
1.0
1.0
1.0
1.0
1.0
1.0
1.0
1.0
1.0
1.0
1.0
1.0
1.0
1.0
1.0
1.0
1.0
1.0
1.0
1.0
1.0
1.0
1.0
1.0
1.0
1.0
1.0
1.0
1.0
1.0
1.0
1.0
1.0
1.0
1.0
1.0
1.0
1.0
1.0
1.0
1.0
1.0
1.0
1.0
1.0
1.0
1.0
1.0
1.0
1.0
1.0
1.0
1.0
1.0
1.0
1.0
1.0
1.0
1.0
1.0
1.0
1.0
1.0
1.0
1.0
1.0
1.0
1.0
1.0
1.0
1.0
1.0
1.0
1.0
1.0
1.0
1.0
1.0
1.0
1.0
1.0
1.0
1.0
1.0
1.0
1.0
1.0
1.0
1.0
1.0
1.0
1.0
1.0
1.0
1.0
1.0
1.0
1.0
1.0
1.0
1.0
1.0
1.0
1.0
1.0
1.0
1.0
1.0
1.0
1.0
1.0
1.0
1.0
1.0
1.0
1.0
1.0
1.0
1.0
1.0
1.0
1.0
1.0
1.0
1.0
1.0
1.0
1.0
1.0
1.0
1.0
1.0
1.0
1.0
1.0
1.0
1.0
1.0
1.0
1.0
1.0
1.0
1.0
1.0
1.0
1.0
1.0
1.0
1.0
1.0
1.0
1.0
1.0
1.0
1.0
1.0
1.0
1.0
1.0
