0.004062531981617212
0.0036255153827369213
0.0039209588430821896
0.0039209588430821896
0.0039209588430821896
0.0039209602400660515
0.003921030554920435
0.003990659490227699
0.006296020932495594
0.0065443189814686775
0.006600978318601847
0.006361716892570257
0.006756360176950693
0.007007632404565811
0.009325715713202953
0.009326135739684105
0.009326037019491196
0.009294907562434673
0.009312634356319904
0.009326000697910786
0.009326070547103882
0.010123130865395069
0.020807573571801186
0.022128205746412277
0.022128188982605934
0.020841509103775024
0.009053423069417477
0.008512514643371105
0.008494756184518337
1.4899560483172536e-05
0.0038286445196717978
1.4480718164122663e-05
1.4527130588248838e-05
6.195571040734649e-05
6.699287769151852e-05
1.4882902178214863e-05
2.423393198114354e-05
0.0011965796584263444
0.001201716368086636
0.0012020821450278163
0.0012021026341244578
0.0012021081056445837
0.0012021063594147563
0.0012021063594147563
0.0012021063594147563
0.0012021063594147563
0.0012021070579066873
0.0012066937051713467
0.0013737858971580863
0.0012021070579066873
0.0012021063594147563
0.0012021063594147563
0.0012021063594147563
0.001202105893753469
0.0012034139363095164
0.04733169823884964
0.007816019468009472
0.007773550692945719
0.007773545570671558
0.007773545570671558
0.007773545570671558
0.007773545570671558
0.007773545570671558
0.007773593999445438
0.004189979750663042
0.007773545570671558
0.007773476652801037
0.007765342481434345
0.007232361473143101
0.007773557212203741
0.007838478311896324
0.03424692898988724
0.014764836989343166
0.0025902297347784042
0.0012092291144654155
0.0012360590044409037
0.05251903086900711
0.403167724609375
0.4033798575401306
0.40342435240745544
0.4034380614757538
0.403439998626709
0.40342485904693604
0.4032096564769745
0.30685606598854065
0.0065028429962694645
0.006655633449554443
0.009470288641750813
0.009049206972122192
0.009302240796387196
0.005881896708160639
0.00588352233171463
0.005882838740944862
0.004751147236675024
0.005883883684873581
0.005884589161723852
0.005887840874493122
0.005911532789468765
0.008138549514114857
0.09807676076889038
0.09807350486516953
0.06858290731906891
0.09807710349559784
0.0980781763792038
0.0980878621339798
0.09821925312280655
0.10227260738611221
0.00017010181909427047
0.26647937297821045
0.490151047706604
0.5952613949775696
0.6403279304504395
0.15616533160209656
0.44177839159965515
0.443108469247818
0.44312334060668945
0.44313034415245056
0.4431329667568207
0.4431343078613281
0.443139910697937
0.4576776921749115
0.7453902363777161
0.6339718699455261
0.633700430393219
0.6336710453033447
0.6336670517921448
0.6336665749549866
0.6336658000946045
0.6335687637329102
0.618109405040741
0.6386754512786865
0.6409170627593994
0.633669376373291
0.6336663961410522
0.6336663961410522
0.6336663961410522
0.6336657404899597
0.6267451643943787
0.6336716413497925
0.6346437931060791
0.6676818132400513
0.6676376461982727
0.6664113402366638
0.6346485614776611
0.6345851421356201
0.6340524554252625
0.6346470713615417
0.634651780128479
0.6346521377563477
0.6346520185470581
0.6131798624992371
0.6346521377563477
0.6346520185470581
0.634573757648468
0.5591349005699158
0.6346521377563477
0.6346521377563477
0.6346521377563477
0.6346521377563477
0.6346521377563477
0.634652316570282
0.6347519159317017
0.7017416954040527
0.6346521377563477
0.6346521377563477
0.6346521377563477
0.6346521377563477
0.6346521377563477
0.6307380199432373
0.5052855610847473
0.6343457102775574
0.6326220631599426
0.47183850407600403
0.6346520185470581
0.6346521377563477
0.6345765590667725
0.43877604603767395
0.6346521377563477
0.6346521377563477
0.634652316570282
0.6346570253372192
0.6346959471702576
0.6350629329681396
0.6422640085220337
0.7253371477127075
0.7253397703170776
0.7253397703170776
0.7253397703170776
0.7253396511077881
0.7253396511077881
0.7253378629684448
0.7252932190895081
0.7246212959289551
0.5565792918205261
0.7250134348869324
0.7250785231590271
0.7251338362693787
0.7251827716827393
0.7252313494682312
0.7252727746963501
0.7252927422523499
0.724932849407196
0.6767081618309021
0.7238684296607971
0.723763644695282
0.7235748767852783
0.723034679889679
0.10287120193243027
0.1472233682870865
0.10292132198810577
0.10285179316997528
0.05694716423749924
0.10293389856815338
0.10294083505868912
0.10294066369533539
0.09093634784221649
0.10293947905302048
0.10294011980295181
0.10289584845304489
0.10210802406072617
0.10254299640655518
0.10190237313508987
0.1029403880238533
0.10294100642204285
0.10294125974178314
0.10297250747680664
0.10294116288423538
0.10294116288423538
0.10294082760810852
0.10292121767997742
0.10140104591846466
0.10294100642204285
0.10294116288423538
0.10294108092784882
0.10294116288423538
0.10294116288423538
0.10297737270593643
0.27741312980651855
0.27755650877952576
0.22411668300628662
0.2751995623111725
0.23621885478496552
0.10780792683362961
0.2040736973285675
0.10294143110513687
0.10294116288423538
0.10294116288423538
0.10294116288423538
0.10294108092784882
0.10294001549482346
0.14991050958633423
0.1029052808880806
0.1029052808880806
0.1029052808880806
0.1029052808880806
0.1029052808880806
0.1029052808880806
0.1029052808880806
0.1029052808880806
0.1029052808880806
0.1029052808880806
0.1029052808880806
0.10290476679801941
0.050654150545597076
0.1029052808880806
0.1029052808880806
0.1029052808880806
0.1029052808880806
0.1029052808880806
0.1029052808880806
0.1029052808880806
0.1029052808880806
0.10276991128921509
0.08780546486377716
0.10215948522090912
0.10281863063573837
0.10290079563856125
0.10290485620498657
0.10290350019931793
0.10283070802688599
0.10290253162384033
0.10332921147346497
0.0006214799359440804
0.1029052808880806
0.1029052808880806
0.1029052808880806
0.1029052808880806
0.10290500521659851
0.09621715545654297
0.1029052808880806
0.1029052808880806
0.1029052808880806
0.1029052808880806
0.1029052808880806
0.1029052808880806
0.1029052808880806
0.1029052808880806
0.1029052808880806
0.1029052808880806
0.1029052808880806
0.1029052808880806
0.1029052808880806
0.10290484130382538
0.09953414648771286
0.1029052808880806
0.1029052808880806
0.1029057428240776
0.10475045442581177
0.23818132281303406
0.238181471824646
0.238181471824646
0.238181471824646
0.238181471824646
0.238181471824646
0.238181471824646
0.23818142712116241
0.23818184435367584
0.23818273842334747
0.23857180774211884
0.12688080966472626
0.6202515959739685
0.6200966238975525
0.6211435198783875
0.12663744390010834
0.12663684785366058
0.12663641571998596
0.12663792073726654
0.12666016817092896
0.13667410612106323
0.8237694501876831
0.8237712979316711
0.8238118290901184
0.7745205760002136
0.8237689137458801
0.8237689137458801
0.8237689137458801
0.8237689137458801
0.8237689137458801
0.8237689137458801
0.8237689137458801
0.8237689137458801
0.8237783908843994
0.854844331741333
0.9050937294960022
0.9050937294960022
0.9050937294960022
0.9050937294960022
0.9050937294960022
0.9050937294960022
0.9050937294960022
0.9050937294960022
0.9050937294960022
0.9050937294960022
0.9050937294960022
0.9050937294960022
0.9050937294960022
0.9051224589347839
0.893353283405304
0.8933454751968384
0.8847511410713196
0.21584978699684143
0.2156798392534256
0.2156798392534256
0.21568013727664948
0.21568259596824646
0.21570387482643127
0.21620647609233856
0.23706869781017303
0.23261961340904236
0.2323787957429886
0.23192572593688965
0.17989133298397064
0.22704774141311646
0.23232632875442505
0.23232650756835938
0.2323262244462967
0.2323262244462967
0.23232606053352356
0.2546001374721527
0.3108079135417938
0.31080731749534607
0.3108066916465759
0.3108016848564148
0.31075140833854675
0.31183168292045593
0.9027233123779297
0.6859124302864075
0.9043466448783875
0.905096709728241
0.874599277973175
0.24615953862667084
0.24011993408203125
0.24678409099578857
0.9045179486274719
0.9013888835906982
0.9013888835906982
0.9013888835906982
0.9013888835906982
0.9013888835906982
0.9013888835906982
0.9013888835906982
0.9013888835906982
0.9013888835906982
0.9013888835906982
0.9013888835906982
0.9013885259628296
0.37186893820762634
0.8337582945823669
0.8371946811676025
0.9002017974853516
0.9013851881027222
0.9013887643814087
0.9013888835906982
0.9013888835906982
0.9013888835906982
0.9013888835906982
0.9013888835906982
0.9013888835906982
0.9013888835906982
0.9013888835906982
0.9013888835906982
0.9013888835906982
0.9013887643814087
0.9013871550559998
0.9032352566719055
0.9013867378234863
0.9022126197814941
0.6518961191177368
0.8851708769798279
0.9193047285079956
0.9188659191131592
0.9188685417175293
0.9188992977142334
0.9191218018531799
0.917792022228241
0.9193293452262878
0.9188686013221741
0.918843686580658
0.9188409447669983
0.9188500046730042
0.9188546538352966
0.9188579320907593
0.9188602566719055
0.9188504219055176
0.8767350316047668
0.9188359975814819
0.9183108806610107
0.9136945605278015
0.9227490425109863
0.9191113710403442
0.9188472628593445
0.9186431169509888
0.9186471700668335
0.9188541173934937
0.9188690185546875
0.9189017415046692
0.9192562103271484
0.8891874551773071
0.5581464767456055
0.9202881455421448
0.9161890745162964
0.91886305809021
0.9188652038574219
0.9188652038574219
0.9188652038574219
0.9188652038574219
0.9188652038574219
0.9188652038574219
0.9188652038574219
0.9188652038574219
0.9188652038574219
0.9188652038574219
0.9188652038574219
0.9188652038574219
0.9182703495025635
0.9188652038574219
0.9188659191131592
0.9196136593818665
0.9377846121788025
0.9377846121788025
0.9368886947631836
0.9377846121788025
0.9377849102020264
0.9378067255020142
0.9487345218658447
0.9331077337265015
0.9331077337265015
0.9331077337265015
0.9331077337265015
0.9331077337265015
0.9331077337265015
0.9342315196990967
0.9342240691184998
0.9342240691184998
0.9342239499092102
0.9342247843742371
0.9342353940010071
0.935366690158844
0.9352970123291016
0.9354538917541504
0.9490222334861755
0.9489935040473938
0.9489933848381042
0.9489933848381042
0.9489933848381042
0.9489933848381042
0.9489933848381042
0.9489933848381042
0.9489933848381042
0.9489933848381042
0.9489959478378296
0.9499754309654236
0.9489933848381042
0.9489933848381042
0.9489933848381042
0.9489933848381042
0.9489946961402893
0.9568718075752258
0.9489933848381042
0.9489933848381042
0.9489933848381042
0.9489933848381042
0.9489933848381042
0.9489933848381042
0.9489912390708923
0.9313828945159912
0.9489933848381042
0.9489933848381042
0.9489933848381042
0.9489933848381042
0.9489933848381042
0.9489933848381042
0.9489933848381042
0.9489933848381042
0.8822038173675537
0.9489933848381042
0.9489933848381042
0.9489946961402893
0.9490354657173157
0.950232744216919
0.9481832981109619
0.9489935040473938
0.9489933848381042
0.9489933848381042
0.9489933848381042
0.9489933848381042
0.9489933848381042
0.9489933848381042
0.9489933848381042
0.9489933848381042
0.9489933848381042
0.9489933848381042
0.9489933848381042
0.9489983320236206
0.904094398021698
0.5444284081459045
0.9040634632110596
0.8955850005149841
0.9082375168800354
0.9490056037902832
0.9489933848381042
0.9489933848381042
0.9489933848381042
0.9489933848381042
0.9489933848381042
0.9489933848381042
0.9489933848381042
0.9489933848381042
0.9422060251235962
0.9489933848381042
0.9489933848381042
0.9489933848381042
0.9489933848381042
0.9489933848381042
0.9489933848381042
0.9489933848381042
0.9489933848381042
0.9489933848381042
0.9489933848381042
0.9489933848381042
0.9491227865219116
0.9234932065010071
0.8737097382545471
0.8737086653709412
0.8737086653709412
0.8737086653709412
0.8737086653709412
0.8737086653709412
0.8737086653709412
0.8737088441848755
0.8312535881996155
0.8737086653709412
0.8737086057662964
0.8736535906791687
0.868478536605835
0.8737124800682068
0.8737090229988098
0.8737086653709412
0.8737086653709412
0.8737093210220337
0.8737484216690063
0.8737221360206604
0.8737086653709412
0.7633869647979736
0.8737093806266785
0.8737531900405884
0.8667745590209961
0.8737086057662964
0.8737086653709412
0.8737123012542725
0.8750203847885132
0.8407573699951172
0.8401361107826233
0.8400439023971558
0.835608720779419
0.8370248079299927
0.8369094729423523
0.8370007872581482
0.8370252847671509
0.8180144429206848
0.8180747628211975
0.8180747628211975
0.8180747628211975
0.8180370330810547
0.8120970726013184
0.8427984118461609
0.6912514567375183
0.6678476929664612
0.7945848703384399
0.8757730722427368
0.8729825615882874
0.8729829788208008
0.872982919216156
0.872982919216156
0.872982919216156
0.8731206655502319
0.9470027089118958
0.9470174908638
0.9454565644264221
0.9470176100730896
0.9470176100730896
0.9470176100730896
0.9470176100730896
0.9470176100730896
0.9470155835151672
0.9333845376968384
0.9470176100730896
0.9470176100730896
0.9470176100730896
0.9470176100730896
0.9470176100730896
0.9470176100730896
0.9470231533050537
0.9474033713340759
0.9473962187767029
0.9473098516464233
0.9474053978919983
0.9474081993103027
0.9474111795425415
0.8899761438369751
0.9476174116134644
0.9437466263771057
0.9505674839019775
0.950721263885498
0.9507285356521606
0.9507287740707397
0.9489376544952393
0.9507281184196472
0.9507288932800293
0.9507275819778442
0.9506900906562805
0.9498813152313232
0.9345110058784485
0.9345094561576843
0.9345118403434753
0.9345189929008484
0.9346036314964294
0.9402710795402527
0.9404290914535522
0.9404290914535522
0.9404290914535522
0.9404290318489075
0.9409660696983337
0.940400242805481
0.9400873184204102
0.9404290914535522
0.9404290914535522
0.9404290914535522
0.9404290914535522
0.9404281973838806
0.9404154419898987
0.9404292106628418
0.9404290914535522
0.9404290914535522
0.9394111633300781
0.9404290914535522
0.9404290914535522
0.9404276609420776
0.927364706993103
0.9404290914535522
0.9404290914535522
0.9404292106628418
0.9404290914535522
0.9404290914535522
0.9404290914535522
0.9404290914535522
0.9404290914535522
0.9404290914535522
0.9404290914535522
0.9404292106628418
0.9404152035713196
0.9360095262527466
0.9404290914535522
0.9404290914535522
0.9404309988021851
0.9367532730102539
0.9404290914535522
0.9404290914535522
0.9404290914535522
0.9404292106628418
0.9404290914535522
0.9404286742210388
0.9404245615005493
0.9403684139251709
0.9402651190757751
0.9404242634773254
0.9404286742210388
0.940424919128418
0.9348791241645813
0.9404290914535522
0.9404290914535522
0.9404290914535522
0.9404290914535522
0.9404290914535522
0.9404290914535522
0.9404290914535522
0.9404290914535522
0.9404332041740417
0.9627369046211243
0.9561832547187805
0.9561832547187805
0.9561832547187805
0.9561832547187805
0.9561832547187805
0.9561821222305298
0.9561689496040344
0.9561833739280701
0.9561832547187805
0.9559016823768616
0.9561832547187805
0.9561832547187805
0.9561832547187805
0.9561832547187805
0.9561832547187805
0.9561832547187805
0.9561832547187805
0.9561832547187805
0.9561832547187805
0.9561832547187805
0.9561832547187805
0.9561832547187805
0.9561793208122253
0.9561832547187805
0.9561832547187805
0.9561832547187805
0.9561832547187805
0.9561833739280701
0.956182599067688
0.9561832547187805
0.9561832547187805
0.9561832547187805
0.9561840891838074
0.9481188058853149
0.9471223950386047
0.9481188654899597
0.9481193423271179
0.9481292963027954
0.9532605409622192
0.9481186866760254
0.9481186866760254
0.9481186866760254
0.9481185674667358
0.9481161236763
0.9479175806045532
0.9481185674667358
0.9481186866760254
0.9481185674667358
0.9481168389320374
0.9480812549591064
0.9481186866760254
0.9481186866760254
0.9481186866760254
0.9481434226036072
0.9481184482574463
0.9479596614837646
0.9481186866760254
0.9481186866760254
0.9481186866760254
0.9481186866760254
0.9481186866760254
0.9481186866760254
0.9481186866760254
0.9481186866760254
0.9481186866760254
0.9481186866760254
0.9481186866760254
0.9481186866760254
0.9481186866760254
0.9481186866760254
0.9481186866760254
0.9481185674667358
0.9481184482574463
0.963533341884613
0.9481184482574463
0.9476686120033264
0.9481135606765747
0.9481185674667358
0.9481186866760254
0.9481186866760254
0.9481186866760254
0.9481186866760254
0.9481186866760254
0.9481186866760254
0.9481186866760254
0.9481186866760254
0.9481189846992493
0.9494625329971313
0.9481186866760254
0.9481186866760254
0.9481186866760254
0.9481186866760254
0.9486410617828369
0.9561837911605835
0.9563664793968201
0.9278638362884521
0.9278638362884521
0.9278638362884521
0.9278638362884521
0.9278638362884521
0.9278637170791626
0.9278638362884521
0.9278638362884521
0.9278638362884521
0.9278638362884521
0.9278638958930969
0.9278642535209656
0.9278711080551147
0.942255973815918
0.9280123710632324
0.9310085773468018
0.9310077428817749
0.9293051362037659
0.931006908416748
0.9310077428817749
0.9310077428817749
0.9310078620910645
0.9310439229011536
0.9473466873168945
0.931007981300354
0.931007981300354
0.931007981300354
0.931007981300354
0.931007981300354
0.931007981300354
0.931007981300354
0.931007981300354
0.931007981300354
0.9310077428817749
0.9310078620910645
0.9310076832771301
0.9310076832771301
0.9310072660446167
0.9309569001197815
0.9305109977722168
0.9305249452590942
0.9305251836776733
0.9277995824813843
0.9196428656578064
0.9084432125091553
0.9145094752311707
0.9189918041229248
0.9189918041229248
0.9189918041229248
0.9189918041229248
0.9190598726272583
0.9364405274391174
0.9190348386764526
0.9189915060997009
0.9189918041229248
0.9189913272857666
0.9152148962020874
0.9178540706634521
0.9178540706634521
0.9178522825241089
0.9175160527229309
0.9178379774093628
0.9169453978538513
0.9178540706634521
0.9178540706634521
0.9178540706634521
0.9178540706634521
0.9178540706634521
0.9178540706634521
0.9178540706634521
0.9178540706634521
0.9178540706634521
0.9178542494773865
0.9178546667098999
0.9587604999542236
0.9736618399620056
0.9736703038215637
0.9736732840538025
0.9736741781234741
0.9736745357513428
0.9736747145652771
0.9736747145652771
0.9736747145652771
0.9736747145652771
0.9736747145652771
0.9736747145652771
0.9736747145652771
0.9736747145652771
0.9736747145652771
0.9736747145652771
0.9736745953559875
0.972881555557251
0.9701719284057617
0.9701719284057617
0.9701719284057617
0.9701719284057617
0.9701719284057617
0.9701718091964722
0.9701820015907288
0.9785808324813843
0.9711878895759583
0.9779142141342163
0.9785910844802856
0.9785910844802856
0.9785910844802856
0.9785910844802856
0.9785888195037842
0.9760530591011047
0.9785910844802856
0.9785913228988647
0.9785924553871155
0.9785972237586975
0.9800485372543335
0.9966586828231812
0.9805682897567749
0.9966530203819275
0.9965724945068359
0.9966660141944885
0.9959555864334106
0.9958103895187378
0.9958056211471558
0.9958055019378662
0.9958055019378662
0.9958058595657349
0.9958066940307617
0.9958114624023438
0.9958562254905701
0.9958053827285767
0.9958053827285767
0.9958053827285767
0.995804488658905
0.9955295920372009
0.9958053827285767
0.9958053827285767
0.9958053827285767
0.9958053827285767
0.9958053827285767
0.9958053827285767
0.9958049058914185
0.9945135116577148
0.9958053827285767
0.9958053827285767
0.9958053827285767
0.9958053827285767
0.9958053827285767
0.9958053827285767
0.9958053827285767
0.9958053827285767
0.9958053827285767
0.9958053827285767
0.9946773052215576
0.995790421962738
0.9955534338951111
0.9957964420318604
0.9957973957061768
0.9958012700080872
0.9958037734031677
0.9958048462867737
0.9958053827285767
0.9958053827285767
0.9958053827285767
0.9958053827285767
0.9958053827285767
0.9958053827285767
0.9958053827285767
0.9958053827285767
0.995804488658905
0.9923580288887024
0.9958202838897705
0.9958176016807556
0.9958048462867737
0.9945693612098694
0.9958053827285767
0.9958053827285767
0.9958053827285767
0.9958053827285767
0.9958052635192871
0.9956717491149902
0.9950593709945679
0.9958053827285767
0.9958053827285767
0.9958053827285767
0.9958053827285767
0.9958053827285767
0.9958053827285767
0.9958053827285767
0.9958053827285767
0.9958053827285767
0.9958063364028931
0.9844772815704346
0.9964869022369385
0.9964876174926758
0.9964876174926758
0.9964876174926758
0.9964876174926758
0.9970012307167053
0.9950878024101257
0.9950874447822571
0.9948514103889465
0.995071530342102
0.9950664043426514
0.9950878024101257
0.9951208233833313
0.9941771030426025
0.9941684007644653
0.992597222328186
0.9924852252006531
0.9926382303237915
0.9925934672355652
0.9925975799560547
0.9926018118858337
0.9925994873046875
0.992598295211792
0.9925979375839233
0.9925978183746338
0.9925978183746338
0.9925969839096069
0.9925978183746338
0.9925931096076965
0.9925640225410461
0.9925978183746338
0.9925979375839233
0.992599606513977
0.9926435351371765
0.9925980567932129
0.9925978183746338
0.9925979375839233
0.9925981760025024
0.992599368095398
0.9926100373268127
0.9919236302375793
0.9925978183746338
0.9925978183746338
0.9925978183746338
0.9925978183746338
0.9925978183746338
0.9920617341995239
0.9925978183746338
0.9925978183746338
0.992597222328186
0.992595374584198
0.9925884008407593
0.9925894737243652
0.9925962090492249
0.9925976991653442
0.9925981760025024
0.9898427128791809
0.9926014542579651
0.9925990104675293
0.992598295211792
0.9925979375839233
0.992597222328186
0.992587149143219
0.9925670623779297
0.9925973415374756
0.9925978183746338
0.9925976991653442
0.9925971031188965
0.9925956130027771
0.9925962686538696
0.9925975799560547
0.9925978183746338
0.9925978183746338
0.9925978183746338
0.9925879836082458
0.984070897102356
0.9925978183746338
0.9925978183746338
0.9925978183746338
0.9925978183746338
0.9925978183746338
0.9925978183746338
0.9925976991653442
0.992597222328186
0.9925956130027771
0.9925855994224548
0.9911598563194275
0.9888128638267517
0.9925978183746338
0.9925978183746338
0.9925979375839233
0.9925991296768188
0.9926235675811768
0.9928038716316223
0.9925984144210815
0.9925978183746338
0.9925979375839233
0.9925988912582397
0.9926303625106812
0.9945123195648193
0.9945120811462402
0.9841026663780212
0.9945120811462402
0.9948851466178894
0.9954083561897278
0.995408833026886
0.9954350590705872
0.9837634563446045
0.9837604761123657
0.9837604761123657
0.9837604761123657
0.9837604761123657
0.9837610125541687
0.9864451289176941
0.9837604761123657
0.9837604761123657
0.9837596416473389
0.9812078475952148
0.9837604761123657
0.9837604761123657
0.9837604761123657
0.9837604761123657
0.9837604761123657
0.9837942719459534
0.9954091906547546
0.9954053163528442
0.9943403005599976
0.995408833026886
0.995408833026886
0.995408833026886
0.995408833026886
0.995408833026886
0.995408833026886
0.9954051971435547
0.9950786828994751
0.9952882528305054
0.995408833026886
0.995408833026886
0.995408833026886
0.995408833026886
0.995408833026886
0.995408833026886
0.995408833026886
0.995408833026886
0.995408833026886
0.9954055547714233
0.9952865242958069
0.995408833026886
0.995408833026886
0.9954089522361755
0.9955499172210693
0.995408833026886
0.995408833026886
0.995408833026886
0.995408833026886
0.995408833026886
0.995408833026886
0.9954132437705994
0.9918478727340698
0.995408833026886
0.995408833026886
0.995408833026886
0.995408833026886
0.995408833026886
0.995408833026886
0.995408833026886
0.995408833026886
0.995408833026886
0.995408833026886
0.995403528213501
0.9949771761894226
0.9954969882965088
0.8692299723625183
0.869135320186615
0.8692222833633423
0.874402642250061
0.869134783744812
0.869134783744812
0.869134783744812
0.869134783744812
0.869134783744812
0.869134783744812
0.869134783744812
0.869134783744812
0.869134783744812
0.869134783744812
0.869134783744812
0.869134783744812
0.8691344857215881
0.3718670904636383
0.869134783744812
0.869134783744812
0.869134783744812
0.869134783744812
0.869134783744812
0.869134783744812
0.869134783744812
0.8681605458259583
0.8460713624954224
0.8699148297309875
0.8859004974365234
0.8838316798210144
0.8721630573272705
0.8859004974365234
0.8719593286514282
0.8752857446670532
0.8768693208694458
0.8829373121261597
0.8835673928260803
0.8859246373176575
0.8834397196769714
0.9261832237243652
0.9271987080574036
0.9271987080574036
0.9271987080574036
0.9271987080574036
0.9271060228347778
0.9271934032440186
0.9271985292434692
0.9271872639656067
0.924377977848053
0.9271987080574036
0.9271987080574036
0.9271987080574036
0.9271987080574036
0.9271987080574036
0.9271990656852722
0.9305878281593323
0.9163567423820496
0.9163567423820496
0.9163567423820496
0.9163567423820496
0.9163567423820496
0.9163567423820496
0.9163567423820496
0.9163570404052734
0.9163584113121033
0.916394054889679
0.44092312455177307
0.5032010674476624
0.5032830834388733
0.5088449120521545
0.8784853219985962
0.8940218687057495
0.8940218687057495
0.8940218687057495
0.8940218687057495
0.8940218687057495
0.8940218687057495
0.8940218687057495
0.8940218687057495
0.8940218687057495
0.8940218687057495
0.8940218687057495
0.8940218687057495
0.8940218687057495
0.8940218687057495
0.8940218687057495
0.8939188718795776
0.8940219283103943
0.8940220475196838
0.8940230011940002
0.8940561413764954
0.9035998582839966
0.9035948514938354
0.9035900235176086
0.9035825133323669
0.9035906195640564
0.903590977191925
0.903590977191925
0.9035909175872803
0.9035635590553284
0.903590977191925
0.903590977191925
0.903590977191925
0.903590977191925
0.903590977191925
0.903590977191925
0.903590977191925
0.9035897254943848
0.9035909175872803
0.903590977191925
0.9035959243774414
0.8959832191467285
0.8960753679275513
0.903662919998169
0.897308349609375
0.9035910964012146
0.9035906195640564
0.9035807847976685
0.9034625291824341
0.903590977191925
0.903590977191925
0.903590977191925
0.9035840630531311
0.903590977191925
0.903590977191925
0.903590977191925
0.903590977191925
0.9035907983779907
0.9035886526107788
0.9035770893096924
0.9035898447036743
0.903590977191925
0.903590977191925
0.903590977191925
0.903590977191925
0.9035909175872803
0.9035900831222534
0.9035663604736328
0.9035906791687012
0.9035907983779907
0.903590977191925
0.903590977191925
0.9034743905067444
0.9035907983779907
0.9035899043083191
0.9036252498626709
0.903590977191925
0.903590977191925
0.903590977191925
0.903590977191925
0.9035909175872803
0.9035909175872803
0.9035899043083191
0.9035897254943848
0.903590977191925
0.9035903811454773
0.9035909175872803
0.903590977191925
0.903590977191925
0.9035909175872803
0.9035410284996033
0.9035929441452026
0.9037140011787415
0.8554122447967529
0.8554078936576843
0.8554068207740784
0.8554092645645142
0.8554103970527649
0.8554108738899231
0.8554059863090515
0.8554092645645142
0.8554106950759888
0.8554105162620544
0.8554105162620544
0.8554105162620544
0.8554105162620544
0.8554105162620544
0.8554103970527649
0.8554106950759888
0.8554105162620544
0.8554105162620544
0.8554105162620544
0.8554105758666992
0.8554172515869141
0.8554108738899231
0.8554105162620544
0.8554105162620544
0.8554111123085022
0.9512364268302917
0.8554106950759888
0.8554105162620544
0.8554105162620544
0.8554105162620544
0.8554106950759888
0.8552188277244568
0.8554102778434753
0.8554071187973022
0.8553837537765503
0.8554103374481201
0.8554107546806335
0.8554105162620544
0.8554105162620544
0.8554105162620544
0.8554089665412903
0.8550870418548584
0.8554108738899231
0.855425238609314
0.8566303849220276
0.8439045548439026
0.8439075350761414
0.8464648723602295
0.8439061641693115
0.8439061641693115
0.8439061641693115
0.8439061641693115
0.8439061641693115
0.8439061641693115
0.8439061641693115
0.8439063429832458
0.8439399003982544
0.9636902809143066
0.8439064025878906
0.843906581401825
0.8438971638679504
0.8438028693199158
0.8439047336578369
0.8439059853553772
0.8439061641693115
0.8439061641693115
0.8439061641693115
0.8439061045646667
0.8438747525215149
0.8439061641693115
0.8439061641693115
0.8439061641693115
0.8439260721206665
0.7505204081535339
0.8253471255302429
0.8439061641693115
0.8439061641693115
0.8439061641693115
0.8439061641693115
0.8439062833786011
0.8437524437904358
0.8439055681228638
0.8439059257507324
0.8439003825187683
0.8437135219573975
0.8439047932624817
0.8439064025878906
0.8444865942001343
0.8439037203788757
0.8439022898674011
0.8438721299171448
0.8549095988273621
0.8439443707466125
0.8277690410614014
0.8439041972160339
0.8439037799835205
0.8439041972160339
0.8439046740531921
0.8439049124717712
0.8439047336578369
0.8439047336578369
0.8439046740531921
0.8439018726348877
0.84389328956604
0.8438593149185181
0.834837794303894
0.8431894779205322
0.8438793420791626
0.843905508518219
0.8447691202163696
0.8438645005226135
0.8437672853469849
0.8437103033065796
0.8438544869422913
0.8440840840339661
0.8906877636909485
0.8904781937599182
0.8904783725738525
0.8904786705970764
0.8891627192497253
0.8905124664306641
0.8909543752670288
0.9253199100494385
0.9286986589431763
0.928697407245636
0.9286932945251465
0.9286765456199646
0.9320669174194336
0.9154146313667297
0.9342518448829651
0.9342532753944397
0.9343980550765991
0.9063855409622192
0.9345730543136597
0.9345725178718567
0.9345245361328125
0.9325122833251953
0.9334596395492554
0.9345706701278687
0.9345731735229492
0.9345731735229492
0.9345731735229492
0.9345731735229492
0.9345731735229492
0.9345731735229492
0.9345731735229492
0.9345683455467224
0.9333999156951904
0.9345730543136597
0.9345721006393433
0.9345533847808838
0.9343386292457581
0.9345675110816956
0.9345730543136597
0.9345789551734924
0.8832927942276001
0.8832512497901917
0.883263885974884
0.9351184368133545
0.8832512497901917
0.8832512497901917
0.8832512497901917
0.8832511305809021
0.883250892162323
0.883246660232544
0.8831819891929626
0.8821951746940613
0.8829328417778015
0.8832266926765442
0.8832495808601379
0.8832511305809021
0.8832510709762573
0.8832512497901917
0.8832512497901917
0.8832512497901917
0.8832512497901917
0.8832515478134155
0.8834966421127319
0.8795785307884216
0.8795784115791321
0.879578173160553
0.8795593976974487
0.8795732259750366
0.5476331114768982
0.8795091509819031
0.8795784115791321
0.8795784115791321
0.8795784115791321
0.8795787692070007
0.8791469931602478
0.8519212007522583
0.8795785903930664
0.8795779347419739
0.8786343932151794
0.8795763254165649
0.8807124495506287
0.2825118601322174
0.2824524939060211
0.2820886969566345
0.2582549452781677
0.2824539542198181
0.2824539542198181
0.2824539542198181
0.28245434165000916
0.28680548071861267
0.29034629464149475
0.2903544306755066
0.2843693792819977
0.29033952951431274
0.28425976634025574
0.37382641434669495
0.29906341433525085
0.2985440790653229
0.29849234223365784
0.2984471321105957
0.2982526421546936
0.29841306805610657
0.29848214983940125
0.29848790168762207
0.15305061638355255
0.2984897196292877
0.2984900176525116
0.2984876036643982
0.29830116033554077
0.29152148962020874
0.29848864674568176
0.2984900176525116
0.2984900176525116
0.3018918037414551
0.7884528040885925
0.7884530425071716
0.7884530425071716
0.7884530425071716
0.7884530425071716
0.7885612845420837
0.7895547151565552
0.7884529232978821
0.7884528636932373
0.7884513139724731
0.7890341877937317
0.3510282337665558
0.3510398864746094
0.34556975960731506
0.35108456015586853
0.3510816693305969
0.3510330021381378
0.35079872608184814
0.3510841429233551
0.34981900453567505
0.3510839343070984
0.3510824143886566
0.3510553538799286
0.3508276641368866
0.35108473896980286
0.35108479857444763
0.35108479857444763
0.35108479857444763
0.3511107861995697
0.790987491607666
0.35108479857444763
0.35108479857444763
0.35108479857444763
0.35108479857444763
0.35108330845832825
0.3510025441646576
0.35108470916748047
0.35108479857444763
0.35108479857444763
0.35108479857444763
0.35108479857444763
0.35098251700401306
0.35108479857444763
0.35108473896980286
0.35107478499412537
0.3510095775127411
0.35108479857444763
0.35108503699302673
0.3510897755622864
0.14992476999759674
0.3511102795600891
0.35110002756118774
0.35109400749206543
0.3510902523994446
0.3510921001434326
0.3511043190956116
0.35115405917167664
0.351559042930603
0.35870784521102905
0.3263718783855438
0.33362260460853577
0.3035423755645752
0.3201679587364197
0.32016971707344055
0.3201696276664734
0.3201695680618286
0.3201311230659485
0.21700236201286316
0.32016950845718384
0.3201708197593689
0.32018688321113586
0.32045602798461914
0.33102601766586304
0.45117834210395813
0.4826914668083191
0.48338255286216736
0.14283888041973114
0.4828188121318817
0.4828333854675293
0.48287510871887207
0.4830170273780823
0.48399126529693604
0.5149478912353516
0.5224990844726562
0.5225036144256592
0.5229190587997437
0.5759188532829285
0.5224992036819458
0.5224953293800354
0.5264421105384827
0.29873737692832947
0.29221639037132263
0.2987355589866638
0.29873645305633545
0.29873350262641907
0.28434067964553833
0.29873645305633545
0.29873645305633545
0.29873645305633545
0.29873645305633545
0.29873645305633545
0.29873645305633545
0.29873645305633545
0.29873645305633545
0.29873645305633545
0.29873645305633545
0.29873645305633545
0.2987365126609802
0.29878485202789307
0.5395846366882324
0.3450264632701874
0.5798028707504272
0.5798082947731018
0.5798436403274536
0.5821846723556519
0.4801284968852997
0.47366863489151
0.4843270182609558
0.48677492141723633
0.4865385591983795
0.38285478949546814
0.7750243544578552
0.798014760017395
0.7979363799095154
0.7977781295776367
0.7594732642173767
0.838674783706665
0.9862561821937561
0.9861840605735779
0.9867576360702515
0.9998043179512024
0.9998169541358948
0.9998177886009216
0.9998177886009216
0.8709492087364197
0.9998181462287903
0.9998181462287903
0.9998188614845276
0.9998475313186646
0.9998180270195007
0.9997840523719788
0.9998179078102112
0.9998177886009216
0.9998179078102112
0.9999672174453735
0.9999990463256836
0.9999990463256836
0.9999990463256836
0.9999990463256836
0.9999990463256836
0.9999990463256836
0.9999990463256836
0.9999990463256836
0.9999990463256836
0.9999990463256836
0.9999990463256836
0.9999990463256836
0.9999990463256836
0.9999985694885254
0.9999986886978149
0.9999986886978149
0.9999986886978149
0.9999986886978149
0.9999986886978149
0.9999986886978149
0.9999986886978149
0.9999986886978149
0.9999986886978149
0.9999986886978149
0.9999986886978149
0.9999986886978149
0.9999986886978149
0.999998927116394
0.9999986886978149
0.9999986886978149
0.9999986886978149
0.9999986886978149
0.9999986886978149
0.9999986886978149
0.9999986886978149
0.9999986886978149
0.9999986886978149
0.9999985694885254
0.9999985694885254
0.9999985694885254
0.9999985694885254
0.9999985694885254
0.9999985694885254
0.9999985694885254
0.9999985694885254
0.9999985694885254
0.9999985694885254
0.9999983310699463
0.9999985694885254
0.9999985694885254
0.9999985694885254
0.9999985694885254
0.9999985694885254
0.9999985694885254
0.9999985694885254
0.9999985694885254
0.9999985694885254
0.9999984502792358
0.9999984502792358
0.9999984502792358
0.9999984502792358
0.9999984502792358
0.9999984502792358
0.9999984502792358
0.9999984502792358
0.9999984502792358
0.9999984502792358
0.9999984502792358
0.9999984502792358
0.9999984502792358
0.9999984502792358
0.9999984502792358
0.9999984502792358
0.9999984502792358
0.9999984502792358
0.9999984502792358
0.9999984502792358
0.9999984502792358
0.9999984502792358
0.9999984502792358
0.9999984502792358
0.9999984502792358
0.9999984502792358
0.9999984502792358
0.9999984502792358
0.9999984502792358
0.9999984502792358
0.9999984502792358
0.9999984502792358
0.9999984502792358
0.9999984502792358
0.9999984502792358
0.9999984502792358
0.9999984502792358
0.9999984502792358
0.9999984502792358
0.9999984502792358
0.9999984502792358
0.9999984502792358
0.9999984502792358
0.9999984502792358
0.9999984502792358
0.9999984502792358
0.9999984502792358
0.9999984502792358
0.9999982118606567
0.9999949932098389
0.9999954700469971
0.9999948740005493
0.9999948740005493
0.9999948740005493
0.9999947547912598
0.9999948740005493
0.9999948740005493
0.9999948740005493
0.9999948740005493
0.9999948740005493
0.9999948740005493
0.9999948740005493
0.9999948740005493
0.9999948740005493
0.9999948740005493
0.9999948740005493
0.9999948740005493
0.9999948740005493
0.9999948740005493
0.9999948740005493
0.9999948740005493
0.9999948740005493
0.9999929666519165
0.9999929666519165
0.9999929666519165
0.9999929666519165
0.9999929666519165
0.9999929666519165
0.9999929666519165
0.9999929666519165
0.9999929666519165
0.9999929666519165
0.9999929666519165
0.9999929666519165
0.9999929666519165
0.9999929666519165
0.9999929666519165
0.9999929666519165
0.9999929666519165
0.9999929666519165
0.9999929666519165
0.9999929666519165
0.9999929666519165
0.9999929666519165
0.9999929666519165
0.9999929666519165
0.9999929666519165
0.9999929666519165
0.9999929666519165
0.9999929666519165
0.9999929666519165
0.9999929666519165
0.9999929666519165
0.9999929666519165
0.9999929666519165
0.9999929666519165
0.9999929666519165
0.9999929666519165
0.9999929666519165
0.9999929666519165
0.9999929666519165
0.9999929666519165
0.9999929666519165
0.9999929666519165
0.9999929666519165
0.9999929666519165
0.9999929666519165
0.9999929666519165
0.9999929666519165
0.9999929666519165
0.9999929666519165
0.9999929666519165
0.9999929666519165
0.9999929666519165
0.9999929666519165
0.9999929666519165
0.9999929666519165
0.9999929666519165
0.9999929666519165
0.9999929666519165
0.9999929666519165
0.9999929666519165
0.9999929666519165
0.9999929666519165
0.9999929666519165
0.9999929666519165
0.9999929666519165
0.9999929666519165
0.9999929666519165
0.9999929666519165
0.9999929666519165
0.9999929666519165
0.9999929666519165
0.9999929666519165
0.9999929666519165
0.9999892711639404
0.9999892711639404
0.9999892711639404
0.9999892711639404
0.9999892711639404
0.9999892711639404
0.9999892711639404
0.9999892711639404
0.9999892711639404
0.9999892711639404
0.9999892711639404
0.99998939037323
1.0
1.0
1.0
1.0
1.0
1.0
1.0
1.0
1.0
1.0
1.0
1.0
1.0
1.0
1.0
1.0
1.0
1.0
1.0
1.0
1.0
1.0
1.0
1.0
1.0
1.0
1.0
1.0
1.0
1.0
1.0
1.0
1.0
1.0
1.0
1.0
1.0
1.0
1.0
1.0
1.0
1.0
1.0
1.0
1.0
1.0
1.0
1.0
1.0
1.0
1.0
1.0
1.0
1.0
1.0
1.0
1.0
1.0
1.0
1.0
1.0
1.0
1.0
1.0
1.0
1.0
1.0
1.0
1.0
1.0
1.0
1.0
1.0
1.0
1.0
1.0
1.0
1.0
1.0
1.0
1.0
1.0
1.0
1.0
1.0
1.0
1.0
1.0
1.0
1.0
1.0
1.0
1.0
1.0
1.0
1.0
1.0
1.0
1.0
1.0
1.0
1.0
1.0
1.0
1.0
1.0
1.0
1.0
1.0
1.0
1.0
1.0
1.0
1.0
1.0
1.0
1.0
1.0
1.0
1.0
1.0
1.0
1.0
1.0
1.0
1.0
1.0
1.0
1.0
1.0
1.0
1.0
1.0
1.0
1.0
1.0
1.0
1.0
1.0
1.0
1.0
1.0
1.0
1.0
1.0
1.0
1.0
1.0
1.0
1.0
1.0
1.0
1.0
1.0
1.0
1.0
1.0
1.0
1.0
1.0
1.0
1.0
1.0
1.0
1.0
1.0
1.0
1.0
1.0
1.0
1.0
1.0
1.0
1.0
1.0
1.0
1.0
1.0
1.0
1.0
1.0
1.0
1.0
1.0
1.0
1.0
1.0
1.0
1.0
1.0
1.0
1.0
1.0
1.0
1.0
1.0
1.0
1.0
1.0
1.0
1.0
1.0
1.0
1.0
1.0
1.0
1.0
1.0
1.0
1.0
1.0
1.0
1.0
1.0
1.0
1.0
1.0
1.0
1.0
1.0
1.0
1.0
1.0
1.0
1.0
1.0
1.0
1.0
1.0
1.0
1.0
1.0
1.0
1.0
1.0
1.0
1.0
1.0
1.0
1.0
1.0
1.0
1.0
1.0
1.0
1.0
1.0
1.0
1.0
1.0
1.0
1.0
1.0
1.0
1.0
1.0
1.0
1.0
1.0
1.0
1.0
1.0
1.0
1.0
1.0
1.0
1.0
1.0
1.0
1.0
1.0
1.0
1.0
1.0
1.0
1.0
1.0
1.0
1.0
1.0
1.0
1.0
1.0
1.0
1.0
1.0
1.0
1.0
1.0
1.0
1.0
1.0
1.0
1.0
1.0
1.0
1.0
1.0
1.0
1.0
1.0
1.0
1.0
1.0
1.0
1.0
1.0
1.0
1.0
1.0
1.0
1.0
1.0
1.0
1.0
1.0
1.0
1.0
1.0
1.0
1.0
1.0
1.0
1.0
1.0
1.0
1.0
1.0
1.0
1.0
1.0
1.0
1.0
1.0
1.0
1.0
1.0
1.0
1.0
1.0
1.0
1.0
1.0
1.0
1.0
1.0
1.0
1.0
1.0
1.0
1.0
1.0
1.0
1.0
1.0
1.0
1.0
1.0
1.0
1.0
1.0
1.0
1.0
1.0
1.0
1.0
1.0
1.0
1.0
1.0
1.0
1.0
1.0
1.0
1.0
1.0
1.0
1.0
1.0
1.0
1.0
1.0
1.0
1.0
1.0
1.0
1.0
1.0
1.0
1.0
1.0
1.0
1.0
1.0
1.0
1.0
1.0
1.0
1.0
1.0
1.0
1.0
1.0
1.0
1.0
1.0
1.0
1.0
1.0
1.0
1.0
1.0
1.0
1.0
1.0
1.0
1.0
1.0
1.0
1.0
1.0
1.0
1.0
1.0
1.0
1.0
1.0
1.0
1.0
1.0
1.0
1.0
1.0
1.0
1.0
1.0
1.0
1.0
1.0
1.0
1.0
1.0
1.0
1.0
1.0
1.0
1.0
1.0
1.0
1.0
1.0
1.0
1.0
1.0
1.0
1.0
1.0
1.0
1.0
1.0
1.0
1.0
1.0
1.0
1.0
1.0
1.0
1.0
1.0
1.0
1.0
1.0
1.0
1.0
1.0
1.0
1.0
1.0
1.0
1.0
1.0
1.0
1.0
1.0
1.0
1.0
1.0
1.0
1.0
1.0
1.0
1.0
1.0
1.0
1.0
1.0
1.0
1.0
1.0
1.0
1.0
1.0
1.0
1.0
1.0
1.0
1.0
1.0
1.0
1.0
1.0
1.0
1.0
1.0
1.0
1.0
1.0
1.0
1.0
1.0
1.0
1.0
1.0
1.0
1.0
1.0
1.0
1.0
1.0
1.0
1.0
1.0
1.0
1.0
1.0
1.0
1.0
1.0
1.0
1.0
1.0
1.0
1.0
1.0
1.0
1.0
1.0
1.0
1.0
1.0
1.0
1.0
1.0
1.0
1.0
1.0
1.0
1.0
1.0
1.0
1.0
1.0
1.0
1.0
1.0
1.0
1.0
1.0
1.0
1.0
1.0
1.0
1.0
1.0
1.0
1.0
1.0
1.0
1.0
1.0
1.0
1.0
1.0
1.0
1.0
1.0
1.0
1.0
1.0
1.0
1.0
1.0
1.0
1.0
1.0
1.0
1.0
1.0
1.0
1.0
1.0
1.0
1.0
1.0
1.0
1.0
1.0
1.0
1.0
1.0
1.0
1.0
1.0
1.0
1.0
1.0
1.0
1.0
1.0
1.0
1.0
1.0
1.0
1.0
1.0
1.0
1.0
1.0
1.0
1.0
1.0
1.0
1.0
1.0
1.0
1.0
1.0
1.0
1.0
1.0
1.0
1.0
1.0
1.0
1.0
1.0
1.0
1.0
1.0
1.0
1.0
1.0
1.0
1.0
1.0
1.0
1.0
1.0
1.0
1.0
1.0
1.0
1.0
1.0
1.0
1.0
1.0
1.0
1.0
1.0
1.0
1.0
1.0
1.0
1.0
1.0
1.0
1.0
1.0
1.0
1.0
1.0
1.0
1.0
1.0
1.0
1.0
1.0
1.0
1.0
1.0
1.0
1.0
1.0
1.0
1.0
1.0
1.0
1.0
1.0
1.0
1.0
1.0
1.0
1.0
1.0
1.0
1.0
1.0
1.0
1.0
1.0
1.0
1.0
1.0
1.0
1.0
1.0
1.0
1.0
1.0
1.0
1.0
1.0
1.0
1.0
1.0
1.0
1.0
1.0
1.0
1.0
1.0
1.0
1.0
1.0
1.0
1.0
1.0
1.0
1.0
1.0
1.0
1.0
1.0
1.0
1.0
1.0
1.0
1.0
1.0
1.0
1.0
1.0
1.0
1.0
1.0
1.0
1.0
1.0
1.0
1.0
1.0
1.0
1.0
1.0
1.0
1.0
1.0
1.0
1.0
1.0
1.0
1.0
1.0
1.0
1.0
1.0
1.0
1.0
1.0
1.0
1.0
1.0
1.0
1.0
1.0
1.0
1.0
1.0
1.0
1.0
1.0
1.0
1.0
1.0
1.0
1.0
1.0
1.0
1.0
1.0
1.0
1.0
1.0
1.0
1.0
1.0
1.0
1.0
1.0
1.0
1.0
1.0
1.0
1.0
1.0
1.0
1.0
1.0
1.0
1.0
1.0
1.0
1.0
1.0
1.0
1.0
1.0
1.0
1.0
1.0
1.0
1.0
1.0
1.0
1.0
1.0
1.0
1.0
1.0
1.0
1.0
1.0
1.0
1.0
1.0
1.0
1.0
1.0
1.0
1.0
1.0
1.0
1.0
1.0
1.0
1.0
1.0
1.0
1.0
1.0
1.0
1.0
1.0
1.0
1.0
1.0
1.0
1.0
1.0
1.0
1.0
1.0
1.0
1.0
1.0
1.0
1.0
1.0
1.0
1.0
1.0
1.0
1.0
1.0
1.0
1.0
1.0
1.0
1.0
1.0
1.0
1.0
1.0
1.0
1.0
1.0
1.0
1.0
1.0
1.0
1.0
1.0
1.0
1.0
1.0
1.0
1.0
1.0
1.0
1.0
1.0
1.0
1.0
1.0
1.0
1.0
1.0
1.0
1.0
1.0
1.0
1.0
1.0
1.0
1.0
1.0
1.0
1.0
1.0
1.0
1.0
1.0
1.0
1.0
1.0
1.0
1.0
1.0
1.0
1.0
1.0
1.0
1.0
1.0
1.0
1.0
1.0
1.0
1.0
1.0
1.0
1.0
1.0
1.0
1.0
1.0
1.0
1.0
1.0
1.0
1.0
1.0
1.0
1.0
1.0
1.0
1.0
1.0
1.0
1.0
1.0
1.0
1.0
1.0
1.0
1.0
1.0
1.0
1.0
1.0
1.0
1.0
1.0
1.0
1.0
1.0
1.0
1.0
1.0
1.0
1.0
1.0
1.0
1.0
1.0
1.0
1.0
1.0
1.0
1.0
1.0
1.0
1.0
1.0
1.0
1.0
1.0
1.0
1.0
1.0
1.0
1.0
1.0
1.0
1.0
1.0
1.0
1.0
1.0
1.0
1.0
1.0
1.0
1.0
1.0
1.0
1.0
1.0
1.0
1.0
1.0
1.0
1.0
1.0
1.0
1.0
1.0
1.0
1.0
1.0
1.0
1.0
1.0
1.0
1.0
1.0
1.0
1.0
1.0
1.0
1.0
1.0
1.0
1.0
1.0
1.0
1.0
1.0
1.0
1.0
1.0
1.0
1.0
1.0
1.0
1.0
1.0
1.0
1.0
1.0
1.0
1.0
1.0
1.0
1.0
1.0
1.0
1.0
1.0
1.0
1.0
1.0
1.0
1.0
1.0
1.0
1.0
1.0
1.0
1.0
1.0
1.0
1.0
1.0
1.0
1.0
1.0
1.0
1.0
1.0
1.0
1.0
1.0
1.0
1.0
1.0
1.0
1.0
1.0
1.0
1.0
1.0
1.0
1.0
1.0
1.0
1.0
1.0
1.0
1.0
1.0
1.0
1.0
1.0
1.0
1.0
1.0
1.0
1.0
1.0
1.0
1.0
1.0
1.0
1.0
1.0
1.0
1.0
1.0
1.0
1.0
1.0
1.0
1.0
1.0
1.0
1.0
1.0
1.0
1.0
1.0
1.0
1.0
1.0
1.0
1.0
1.0
1.0
1.0
1.0
1.0
1.0
1.0
1.0
1.0
1.0
1.0
1.0
1.0
1.0
1.0
1.0
1.0
1.0
1.0
1.0
1.0
1.0
1.0
1.0
1.0
1.0
1.0
1.0
1.0
1.0
1.0
1.0
1.0
1.0
1.0
1.0
1.0
1.0
1.0
1.0
1.0
1.0
1.0
1.0
1.0
1.0
1.0
1.0
1.0
1.0
1.0
1.0
1.0
1.0
1.0
1.0
1.0
1.0
1.0
1.0
1.0
1.0
1.0
1.0
1.0
1.0
1.0
1.0
1.0
1.0
1.0
1.0
1.0
1.0
1.0
1.0
1.0
1.0
1.0
1.0
1.0
1.0
1.0
1.0
1.0
1.0
1.0
1.0
1.0
1.0
1.0
1.0
1.0
1.0
1.0
1.0
1.0
1.0
1.0
1.0
1.0
1.0
1.0
1.0
1.0
1.0
1.0
1.0
1.0
1.0
1.0
1.0
1.0
1.0
1.0
1.0
1.0
1.0
1.0
1.0
1.0
1.0
1.0
1.0
1.0
1.0
1.0
1.0
1.0
1.0
1.0
1.0
1.0
1.0
1.0
1.0
1.0
1.0
1.0
1.0
1.0
1.0
1.0
1.0
1.0
1.0
1.0
1.0
1.0
1.0
1.0
1.0
1.0
1.0
1.0
1.0
1.0
1.0
1.0
1.0
1.0
1.0
1.0
1.0
1.0
1.0
1.0
1.0
1.0
1.0
1.0
1.0
1.0
1.0
1.0
1.0
1.0
1.0
1.0
1.0
1.0
1.0
1.0
1.0
1.0
1.0
1.0
1.0
1.0
1.0
1.0
1.0
1.0
1.0
1.0
1.0
1.0
1.0
1.0
1.0
1.0
1.0
1.0
1.0
1.0
1.0
1.0
1.0
1.0
1.0
1.0
1.0
1.0
1.0
1.0
1.0
1.0
1.0
1.0
1.0
1.0
1.0
1.0
1.0
1.0
1.0
1.0
1.0
1.0
1.0
1.0
1.0
1.0
1.0
1.0
1.0
1.0
1.0
1.0
1.0
1.0
1.0
1.0
1.0
1.0
1.0
1.0
1.0
1.0
1.0
1.0
1.0
1.0
1.0
1.0
1.0
1.0
1.0
1.0
1.0
1.0
1.0
1.0
1.0
1.0
1.0
1.0
1.0
1.0
1.0
1.0
1.0
1.0
1.0
1.0
1.0
1.0
1.0
1.0
1.0
1.0
1.0
1.0
1.0
1.0
1.0
1.0
1.0
1.0
1.0
1.0
1.0
1.0
1.0
1.0
1.0
1.0
1.0
1.0
1.0
1.0
1.0
1.0
1.0
1.0
1.0
1.0
1.0
1.0
1.0
1.0
1.0
1.0
1.0
1.0
1.0
1.0
1.0
1.0
1.0
1.0
1.0
1.0
1.0
1.0
1.0
1.0
1.0
1.0
1.0
1.0
1.0
1.0
1.0
1.0
1.0
1.0
1.0
1.0
1.0
1.0
1.0
1.0
1.0
1.0
1.0
1.0
1.0
1.0
1.0
1.0
1.0
1.0
1.0
1.0
1.0
1.0
1.0
1.0
1.0
1.0
1.0
1.0
1.0
1.0
1.0
1.0
1.0
1.0
1.0
1.0
1.0
1.0
1.0
1.0
1.0
1.0
1.0
1.0
1.0
1.0
1.0
1.0
1.0
1.0
1.0
1.0
1.0
1.0
1.0
1.0
1.0
1.0
1.0
1.0
1.0
1.0
1.0
1.0
1.0
1.0
1.0
1.0
1.0
1.0
1.0
1.0
1.0
1.0
1.0
1.0
1.0
1.0
1.0
1.0
1.0
1.0
1.0
1.0
1.0
1.0
1.0
1.0
1.0
1.0
1.0
1.0
1.0
1.0
1.0
1.0
1.0
1.0
1.0
1.0
1.0
1.0
1.0
1.0
1.0
1.0
1.0
1.0
1.0
1.0
1.0
1.0
1.0
1.0
1.0
1.0
1.0
1.0
1.0
1.0
1.0
1.0
1.0
1.0
1.0
1.0
1.0
1.0
1.0
1.0
1.0
1.0
1.0
1.0
1.0
1.0
1.0
1.0
1.0
1.0
1.0
1.0
1.0
1.0
1.0
1.0
1.0
1.0
1.0
1.0
1.0
1.0
1.0
1.0
1.0
1.0
1.0
1.0
1.0
1.0
1.0
1.0
1.0
1.0
1.0
1.0
1.0
1.0
1.0
1.0
1.0
1.0
1.0
1.0
1.0
1.0
1.0
1.0
1.0
1.0
1.0
1.0
1.0
1.0
1.0
1.0
1.0
1.0
1.0
1.0
1.0
1.0
1.0
1.0
1.0
1.0
1.0
1.0
1.0
1.0
1.0
1.0
1.0
1.0
1.0
1.0
1.0
1.0
1.0
1.0
1.0
1.0
1.0
1.0
1.0
1.0
1.0
1.0
1.0
1.0
1.0
1.0
1.0
1.0
1.0
1.0
1.0
1.0
1.0
1.0
1.0
1.0
1.0
1.0
1.0
1.0
1.0
1.0
1.0
1.0
1.0
1.0
1.0
1.0
1.0
1.0
1.0
1.0
1.0
1.0
1.0
1.0
1.0
1.0
1.0
1.0
1.0
1.0
1.0
1.0
1.0
1.0
1.0
1.0
1.0
1.0
1.0
1.0
1.0
1.0
1.0
1.0
1.0
1.0
1.0
1.0
1.0
1.0
1.0
1.0
1.0
1.0
1.0
1.0
1.0
1.0
1.0
1.0
1.0
1.0
1.0
1.0
1.0
1.0
1.0
1.0
1.0
1.0
1.0
1.0
1.0
1.0
1.0
1.0
1.0
0.9999799728393555
1.0
1.0
1.0
1.0
1.0
1.0
1.0
1.0
1.0
1.0
1.0
1.0
1.0
1.0
1.0
1.0
1.0
1.0
1.0
1.0
1.0
1.0
1.0
1.0
1.0
1.0
1.0
1.0
1.0
1.0
1.0
1.0
1.0
1.0
1.0
1.0
1.0
1.0
1.0
1.0
1.0
1.0
1.0
1.0
1.0
1.0
1.0
1.0
1.0
1.0
1.0
1.0
1.0
1.0
1.0
1.0
1.0
1.0
1.0
1.0
1.0
1.0
1.0
1.0
1.0
1.0
1.0
1.0
1.0
1.0
1.0
1.0
1.0
1.0
1.0
1.0
1.0
1.0
1.0
1.0
1.0
1.0
1.0
1.0
1.0
1.0
1.0
1.0
1.0
1.0
1.0
1.0
1.0
1.0
1.0
1.0
1.0
1.0
1.0
1.0
1.0
1.0
1.0
1.0
1.0
1.0
1.0
1.0
1.0
1.0
1.0
1.0
1.0
1.0
1.0
1.0
1.0
1.0
1.0
1.0
1.0
1.0
1.0
1.0
1.0
1.0
1.0
1.0
1.0
1.0
1.0
1.0
1.0
1.0
1.0
1.0
1.0
1.0
1.0
1.0
1.0
1.0
1.0
1.0
1.0
1.0
1.0
1.0
1.0
1.0
1.0
1.0
1.0
1.0
1.0
1.0
1.0
1.0
1.0
1.0
1.0
1.0
1.0
1.0
1.0
1.0
1.0
1.0
1.0
1.0
1.0
1.0
1.0
1.0
1.0
1.0
1.0
1.0
1.0
1.0
1.0
1.0
1.0
1.0
1.0
1.0
1.0
1.0
1.0
1.0
1.0
1.0
1.0
1.0
1.0
1.0
1.0
1.0
1.0
1.0
1.0
1.0
1.0
1.0
1.0
1.0
1.0
1.0
1.0
1.0
1.0
1.0
1.0
1.0
1.0
1.0
1.0
1.0
1.0
1.0
1.0
1.0
1.0
1.0
1.0
1.0
1.0
1.0
1.0
1.0
1.0
1.0
1.0
1.0
1.0
1.0
1.0
1.0
1.0
1.0
1.0
1.0
1.0
1.0
1.0
1.0
1.0
1.0
1.0
1.0
1.0
1.0
1.0
1.0
1.0
1.0
1.0
1.0
1.0
1.0
1.0
1.0
1.0
1.0
1.0
1.0
1.0
1.0
1.0
1.0
1.0
1.0
1.0
1.0
1.0
1.0
1.0
1.0
1.0
1.0
1.0
1.0
1.0
1.0
1.0
1.0
1.0
1.0
1.0
1.0
1.0
1.0
1.0
1.0
1.0
1.0
1.0
1.0
1.0
1.0
1.0
1.0
1.0
1.0
1.0
1.0
1.0
1.0
1.0
1.0
1.0
1.0
1.0
1.0
1.0
1.0
1.0
1.0
1.0
1.0
1.0
1.0
1.0
1.0
1.0
1.0
1.0
1.0
1.0
1.0
1.0
1.0
1.0
1.0
1.0
1.0
1.0
1.0
1.0
1.0
1.0
1.0
1.0
1.0
1.0
1.0
1.0
1.0
1.0
1.0
1.0
1.0
1.0
1.0
1.0
1.0
1.0
1.0
1.0
1.0
1.0
1.0
1.0
1.0
1.0
1.0
1.0
1.0
1.0
1.0
1.0
1.0
1.0
1.0
1.0
1.0
1.0
1.0
1.0
1.0
1.0
1.0
1.0
1.0
1.0
1.0
1.0
1.0
1.0
1.0
1.0
1.0
1.0
1.0
1.0
1.0
1.0
1.0
1.0
1.0
1.0
1.0
1.0
1.0
1.0
1.0
1.0
1.0
1.0
1.0
1.0
1.0
1.0
1.0
1.0
1.0
1.0
1.0
1.0
1.0
1.0
1.0
1.0
1.0
1.0
1.0
1.0
1.0
1.0
1.0
1.0
1.0
1.0
1.0
1.0
1.0
1.0
1.0
1.0
1.0
1.0
1.0
1.0
1.0
1.0
1.0
1.0
1.0
1.0
1.0
1.0
1.0
1.0
1.0
1.0
1.0
1.0
1.0
1.0
1.0
1.0
1.0
1.0
1.0
1.0
1.0
1.0
1.0
1.0
1.0
1.0
1.0
1.0
1.0
1.0
1.0
1.0
1.0
1.0
1.0
1.0
1.0
1.0
1.0
1.0
1.0
1.0
1.0
1.0
1.0
1.0
1.0
1.0
1.0
1.0
1.0
1.0
1.0
1.0
1.0
1.0
1.0
1.0
1.0
1.0
1.0
1.0
1.0
1.0
1.0
1.0
1.0
1.0
1.0
1.0
1.0
1.0
1.0
1.0
1.0
1.0
1.0
1.0
1.0
1.0
1.0
1.0
1.0
1.0
1.0
1.0
1.0
1.0
1.0
1.0
1.0
1.0
1.0
1.0
1.0
1.0
1.0
1.0
1.0
1.0
1.0
1.0
1.0
1.0
1.0
1.0
1.0
1.0
1.0
1.0
1.0
1.0
1.0
1.0
1.0
1.0
1.0
1.0
1.0
1.0
1.0
1.0
1.0
1.0
1.0
1.0
1.0
1.0
1.0
1.0
1.0
1.0
1.0
1.0
1.0
1.0
1.0
1.0
1.0
1.0
1.0
1.0
1.0
1.0
1.0
1.0
1.0
1.0
1.0
1.0
1.0
1.0
1.0
1.0
1.0
1.0
1.0
1.0
1.0
1.0
1.0
1.0
1.0
1.0
1.0
1.0
1.0
1.0
1.0
1.0
1.0
1.0
1.0
1.0
1.0
1.0
1.0
1.0
1.0
1.0
1.0
1.0
1.0
1.0
1.0
1.0
1.0
1.0
1.0
1.0
1.0
1.0
1.0
1.0
1.0
1.0
1.0
1.0
1.0
1.0
1.0
1.0
1.0
1.0
1.0
1.0
1.0
1.0
1.0
1.0
1.0
1.0
1.0
1.0
1.0
1.0
1.0
1.0
1.0
1.0
1.0
1.0
1.0
1.0
1.0
1.0
1.0
1.0
1.0
1.0
1.0
1.0
1.0
1.0
1.0
1.0
1.0
1.0
1.0
1.0
1.0
1.0
1.0
1.0
1.0
1.0
1.0
1.0
1.0
1.0
1.0
1.0
1.0
1.0
1.0
1.0
1.0
1.0
1.0
1.0
1.0
1.0
1.0
1.0
1.0
1.0
1.0
1.0
1.0
1.0
1.0
1.0
1.0
1.0
1.0
1.0
1.0
1.0
1.0
1.0
1.0
1.0
1.0
1.0
1.0
1.0
1.0
1.0
1.0
1.0
1.0
1.0
1.0
1.0
1.0
1.0
1.0
1.0
1.0
1.0
1.0
1.0
1.0
1.0
1.0
1.0
1.0
1.0
1.0
1.0
1.0
1.0
1.0
1.0
1.0
1.0
1.0
1.0
1.0
1.0
1.0
1.0
1.0
1.0
1.0
1.0
1.0
1.0
1.0
1.0
1.0
1.0
1.0
1.0
1.0
1.0
1.0
1.0
1.0
1.0
1.0
1.0
1.0
1.0
1.0
1.0
1.0
1.0
1.0
1.0
1.0
1.0
1.0
1.0
1.0
1.0
1.0
1.0
1.0
1.0
1.0
1.0
1.0
1.0
1.0
1.0
1.0
1.0
1.0
1.0
1.0
1.0
1.0
1.0
1.0
1.0
1.0
1.0
1.0
1.0
1.0
1.0
1.0
1.0
1.0
1.0
1.0
1.0
1.0
1.0
1.0
1.0
1.0
1.0
1.0
1.0
1.0
1.0
1.0
1.0
1.0
1.0
1.0
1.0
1.0
1.0
1.0
1.0
1.0
1.0
1.0
1.0
1.0
1.0
1.0
1.0
1.0
1.0
1.0
1.0
1.0
1.0
1.0
1.0
1.0
1.0
1.0
1.0
1.0
1.0
1.0
1.0
1.0
1.0
1.0
1.0
1.0
1.0
1.0
1.0
1.0
1.0
1.0
1.0
1.0
1.0
1.0
1.0
1.0
1.0
1.0
1.0
1.0
1.0
1.0
1.0
1.0
1.0
1.0
1.0
1.0
1.0
1.0
1.0
1.0
1.0
1.0
1.0
1.0
1.0
1.0
1.0
1.0
1.0
1.0
1.0
1.0
1.0
1.0
1.0
1.0
1.0
1.0
1.0
1.0
1.0
1.0
1.0
1.0
1.0
1.0
1.0
1.0
1.0
1.0
1.0
1.0
1.0
1.0
1.0
1.0
1.0
1.0
1.0
1.0
1.0
1.0
1.0
1.0
1.0
1.0
1.0
1.0
1.0
1.0
1.0
1.0
1.0
1.0
1.0
1.0
1.0
1.0
1.0
1.0
1.0
1.0
1.0
1.0
1.0
1.0
1.0
1.0
1.0
1.0
1.0
1.0
1.0
1.0
1.0
1.0
1.0
1.0
1.0
1.0
1.0
1.0
1.0
1.0
1.0
1.0
1.0
1.0
1.0
1.0
1.0
1.0
1.0
1.0
1.0
1.0
1.0
1.0
1.0
1.0
1.0
1.0
1.0
1.0
1.0
1.0
1.0
1.0
1.0
1.0
1.0
1.0
1.0
1.0
1.0
1.0
1.0
1.0
1.0
1.0
1.0
1.0
1.0
1.0
1.0
1.0
1.0
1.0
1.0
1.0
1.0
1.0
1.0
1.0
1.0
1.0
1.0
1.0
1.0
1.0
1.0
1.0
1.0
1.0
1.0
1.0
1.0
1.0
1.0
1.0
1.0
1.0
1.0
1.0
1.0
1.0
1.0
1.0
1.0
1.0
1.0
1.0
1.0
1.0
1.0
1.0
1.0
1.0
1.0
1.0
1.0
1.0
1.0
1.0
1.0
1.0
1.0
1.0
1.0
1.0
1.0
1.0
1.0
1.0
1.0
1.0
1.0
1.0
1.0
1.0
1.0
1.0
1.0
1.0
1.0
1.0
1.0
1.0
1.0
1.0
1.0
1.0
1.0
1.0
1.0
1.0
1.0
1.0
1.0
1.0
1.0
1.0
1.0
1.0
1.0
1.0
1.0
1.0
1.0
1.0
1.0
1.0
1.0
1.0
1.0
1.0
1.0
1.0
1.0
1.0
1.0
1.0
1.0
1.0
1.0
1.0
1.0
1.0
1.0
1.0
1.0
1.0
1.0
1.0
1.0
1.0
1.0
1.0
1.0
1.0
1.0
1.0
1.0
1.0
1.0
1.0
1.0
1.0
1.0
1.0
1.0
1.0
1.0
1.0
1.0
1.0
1.0
1.0
1.0
1.0
1.0
1.0
1.0
1.0
1.0
1.0
1.0
1.0
1.0
1.0
1.0
1.0
1.0
1.0
1.0
1.0
1.0
1.0
1.0
1.0
1.0
1.0
1.0
1.0
1.0
1.0
1.0
1.0
1.0
1.0
1.0
1.0
1.0
1.0
1.0
1.0
1.0
1.0
1.0
1.0
1.0
1.0
1.0
1.0
1.0
1.0
1.0
1.0
1.0
1.0
1.0
1.0
1.0
1.0
1.0
1.0
1.0
1.0
1.0
1.0
1.0
1.0
1.0
1.0
1.0
1.0
1.0
1.0
1.0
1.0
1.0
1.0
1.0
1.0
1.0
1.0
1.0
1.0
1.0
1.0
1.0
1.0
1.0
1.0
1.0
1.0
1.0
1.0
1.0
1.0
1.0
1.0
1.0
1.0
1.0
1.0
1.0
1.0
1.0
1.0
1.0
1.0
1.0
1.0
1.0
1.0
1.0
1.0
1.0
1.0
1.0
1.0
1.0
1.0
1.0
1.0
1.0
1.0
1.0
1.0
1.0
1.0
1.0
1.0
1.0
1.0
1.0
1.0
1.0
1.0
1.0
1.0
1.0
1.0
1.0
1.0
1.0
1.0
1.0
1.0
1.0
1.0
1.0
1.0
1.0
1.0
1.0
1.0
1.0
1.0
1.0
1.0
1.0
1.0
1.0
1.0
1.0
1.0
1.0
1.0
1.0
1.0
1.0
1.0
1.0
1.0
1.0
1.0
1.0
1.0
1.0
1.0
1.0
1.0
1.0
1.0
1.0
1.0
1.0
1.0
1.0
1.0
1.0
1.0
1.0
1.0
1.0
1.0
1.0
1.0
1.0
1.0
1.0
1.0
1.0
1.0
1.0
1.0
1.0
1.0
1.0
1.0
1.0
1.0
1.0
1.0
1.0
1.0
1.0
1.0
1.0
1.0
1.0
1.0
1.0
1.0
1.0
1.0
1.0
1.0
1.0
1.0
1.0
1.0
1.0
1.0
1.0
1.0
1.0
1.0
1.0
1.0
1.0
1.0
1.0
1.0
1.0
1.0
1.0
1.0
1.0
1.0
1.0
1.0
1.0
1.0
1.0
1.0
1.0
1.0
1.0
1.0
1.0
1.0
1.0
1.0
1.0
1.0
1.0
1.0
1.0
1.0
1.0
1.0
1.0
1.0
1.0
1.0
1.0
1.0
1.0
1.0
1.0
1.0
1.0
1.0
1.0
1.0
1.0
1.0
1.0
1.0
1.0
1.0
1.0
1.0
1.0
1.0
1.0
1.0
1.0
1.0
1.0
1.0
1.0
1.0
1.0
1.0
1.0
1.0
1.0
1.0
1.0
1.0
1.0
1.0
1.0
1.0
1.0
1.0
1.0
1.0
1.0
1.0
1.0
1.0
1.0
1.0
1.0
1.0
1.0
1.0
1.0
1.0
1.0
1.0
1.0
1.0
1.0
1.0
1.0
1.0
1.0
1.0
1.0
1.0
1.0
1.0
1.0
1.0
1.0
1.0
1.0
1.0
1.0
1.0
1.0
1.0
1.0
1.0
1.0
1.0
1.0
1.0
1.0
1.0
1.0
1.0
1.0
1.0
1.0
1.0
1.0
1.0
1.0
1.0
1.0
1.0
1.0
1.0
1.0
1.0
1.0
1.0
1.0
1.0
1.0
1.0
1.0
1.0
1.0
1.0
1.0
1.0
1.0
1.0
1.0
1.0
1.0
1.0
1.0
1.0
1.0
1.0
1.0
1.0
1.0
1.0
1.0
1.0
1.0
1.0
1.0
1.0
1.0
1.0
1.0
1.0
1.0
1.0
1.0
1.0
1.0
1.0
1.0
1.0
1.0
1.0
1.0
1.0
1.0
1.0
1.0
1.0
1.0
1.0
1.0
1.0
1.0
1.0
1.0
1.0
1.0
1.0
1.0
1.0
1.0
1.0
1.0
1.0
1.0
1.0
1.0
1.0
1.0
1.0
1.0
1.0
1.0
1.0
1.0
1.0
1.0
1.0
1.0
1.0
1.0
1.0
1.0
1.0
1.0
1.0
1.0
1.0
1.0
1.0
1.0
1.0
1.0
1.0
1.0
1.0
1.0
1.0
1.0
1.0
1.0
1.0
1.0
1.0
1.0
1.0
1.0
1.0
1.0
1.0
1.0
1.0
1.0
1.0
1.0
1.0
1.0
1.0
1.0
1.0
1.0
1.0
1.0
1.0
1.0
1.0
1.0
1.0
1.0
1.0
1.0
1.0
1.0
1.0
1.0
1.0
1.0
1.0
1.0
1.0
1.0
1.0
1.0
1.0
1.0
1.0
1.0
1.0
1.0
1.0
1.0
1.0
1.0
1.0
1.0
1.0
1.0
1.0
1.0
1.0
1.0
1.0
1.0
1.0
1.0
1.0
1.0
1.0
1.0
1.0
1.0
1.0
1.0
1.0
1.0
1.0
1.0
1.0
1.0
1.0
1.0
1.0
1.0
1.0
1.0
1.0
1.0
1.0
1.0
1.0
1.0
1.0
1.0
1.0
1.0
1.0
1.0
1.0
1.0
1.0
1.0
1.0
1.0
1.0
1.0
1.0
1.0
1.0
1.0
1.0
1.0
1.0
1.0
1.0
1.0
1.0
1.0
1.0
1.0
1.0
1.0
1.0
1.0
1.0
1.0
1.0
1.0
1.0
1.0
1.0
1.0
1.0
1.0
1.0
1.0
1.0
1.0
1.0
1.0
1.0
1.0
1.0
1.0
1.0
1.0
1.0
1.0
1.0
1.0
1.0
1.0
1.0
1.0
1.0
1.0
1.0
1.0
1.0
1.0
1.0
1.0
1.0
1.0
1.0
1.0
1.0
1.0
1.0
1.0
1.0
1.0
1.0
1.0
1.0
1.0
1.0
1.0
1.0
1.0
1.0
1.0
1.0
1.0
1.0
1.0
1.0
1.0
1.0
1.0
1.0
1.0
1.0
1.0
1.0
1.0
1.0
1.0
1.0
1.0
1.0
1.0
1.0
1.0
1.0
1.0
1.0
1.0
1.0
1.0
1.0
1.0
1.0
1.0
1.0
1.0
1.0
1.0
1.0
1.0
1.0
1.0
1.0
1.0
1.0
1.0
1.0
1.0
1.0
1.0
1.0
1.0
1.0
1.0
1.0
1.0
1.0
1.0
1.0
1.0
1.0
1.0
1.0
1.0
1.0
1.0
1.0
1.0
1.0
1.0
1.0
1.0
1.0
1.0
1.0
1.0
1.0
1.0
1.0
1.0
1.0
1.0
1.0
1.0
1.0
1.0
1.0
1.0
1.0
1.0
1.0
1.0
1.0
1.0
1.0
1.0
1.0
1.0
1.0
1.0
1.0
1.0
1.0
1.0
1.0
1.0
1.0
1.0
1.0
1.0
1.0
1.0
1.0
1.0
1.0
1.0
1.0
1.0
1.0
1.0
1.0
1.0
1.0
1.0
1.0
1.0
1.0
1.0
1.0
1.0
1.0
1.0
1.0
1.0
1.0
1.0
1.0
1.0
1.0
1.0
1.0
1.0
1.0
1.0
1.0
1.0
1.0
1.0
1.0
1.0
1.0
1.0
1.0
1.0
1.0
1.0
1.0
1.0
1.0
1.0
1.0
1.0
1.0
1.0
1.0
1.0
1.0
1.0
1.0
1.0
1.0
1.0
1.0
1.0
1.0
1.0
1.0
1.0
1.0
1.0
1.0
1.0
1.0
1.0
1.0
1.0
1.0
1.0
1.0
1.0
1.0
1.0
1.0
1.0
1.0
1.0
1.0
1.0
1.0
1.0
1.0
1.0
1.0
1.0
1.0
1.0
1.0
1.0
1.0
1.0
1.0
1.0
1.0
1.0
1.0
1.0
1.0
1.0
1.0
1.0
1.0
1.0
1.0
1.0
1.0
1.0
1.0
1.0
1.0
1.0
1.0
1.0
1.0
1.0
1.0
1.0
1.0
1.0
1.0
1.0
1.0
1.0
1.0
1.0
1.0
1.0
1.0
1.0
1.0
1.0
1.0
1.0
1.0
1.0
1.0
1.0
1.0
1.0
1.0
1.0
1.0
1.0
1.0
1.0
1.0
1.0
1.0
1.0
1.0
1.0
1.0
1.0
1.0
1.0
1.0
1.0
1.0
1.0
1.0
1.0
1.0
1.0
1.0
1.0
1.0
1.0
1.0
1.0
1.0
1.0
1.0
1.0
1.0
1.0
1.0
1.0
1.0
1.0
1.0
1.0
1.0
1.0
1.0
1.0
1.0
1.0
1.0
1.0
1.0
1.0
1.0
1.0
1.0
1.0
1.0
1.0
1.0
1.0
1.0
1.0
1.0
1.0
1.0
1.0
1.0
1.0
1.0
1.0
1.0
1.0
1.0
1.0
1.0
1.0
1.0
1.0
1.0
1.0
1.0
1.0
1.0
1.0
1.0
1.0
1.0
1.0
1.0
1.0
1.0
1.0
1.0
1.0
1.0
1.0
1.0
1.0
1.0
1.0
1.0
1.0
1.0
1.0
1.0
1.0
1.0
1.0
1.0
1.0
1.0
1.0
1.0
1.0
1.0
1.0
1.0
1.0
1.0
1.0
1.0
1.0
1.0
1.0
1.0
1.0
1.0
1.0
1.0
1.0
1.0
1.0
1.0
1.0
1.0
1.0
1.0
1.0
1.0
1.0
1.0
1.0
1.0
1.0
1.0
1.0
1.0
1.0
1.0
1.0
1.0
1.0
1.0
1.0
1.0
1.0
1.0
1.0
1.0
1.0
1.0
1.0
1.0
1.0
1.0
1.0
1.0
1.0
1.0
1.0
1.0
1.0
1.0
1.0
1.0
1.0
1.0
1.0
1.0
1.0
1.0
1.0
1.0
1.0
1.0
1.0
1.0
1.0
1.0
1.0
1.0
1.0
1.0
1.0
1.0
1.0
1.0
1.0
1.0
1.0
1.0
1.0
1.0
1.0
1.0
1.0
1.0
1.0
1.0
1.0
1.0
1.0
1.0
1.0
1.0
1.0
1.0
1.0
1.0
1.0
1.0
1.0
1.0
1.0
1.0
1.0
1.0
1.0
1.0
1.0
1.0
1.0
1.0
1.0
1.0
1.0
1.0
1.0
1.0
1.0
1.0
1.0
1.0
1.0
1.0
1.0
1.0
1.0
1.0
1.0
1.0
1.0
1.0
1.0
1.0
1.0
1.0
1.0
1.0
1.0
1.0
1.0
1.0
1.0
1.0
1.0
1.0
1.0
1.0
1.0
1.0
1.0
1.0
1.0
1.0
1.0
1.0
1.0
1.0
1.0
1.0
1.0
1.0
1.0
1.0
1.0
1.0
1.0
1.0
1.0
1.0
1.0
1.0
1.0
1.0
1.0
1.0
1.0
1.0
1.0
1.0
1.0
1.0
1.0
1.0
1.0
1.0
1.0
1.0
1.0
1.0
1.0
1.0
1.0
1.0
1.0
1.0
1.0
1.0
1.0
1.0
1.0
1.0
1.0
1.0
1.0
1.0
1.0
1.0
1.0
1.0
1.0
1.0
1.0
1.0
1.0
1.0
1.0
1.0
1.0
1.0
1.0
1.0
1.0
1.0
1.0
1.0
1.0
1.0
1.0
1.0
1.0
1.0
1.0
1.0
1.0
1.0
1.0
1.0
1.0
1.0
1.0
1.0
1.0
1.0
1.0
1.0
1.0
1.0
1.0
1.0
1.0
1.0
1.0
1.0
1.0
1.0
1.0
1.0
1.0
1.0
1.0
1.0
1.0
1.0
1.0
1.0
1.0
1.0
1.0
1.0
1.0
1.0
1.0
1.0
1.0
1.0
1.0
1.0
1.0
1.0
1.0
1.0
1.0
1.0
1.0
1.0
1.0
1.0
1.0
1.0
1.0
1.0
1.0
1.0
1.0
1.0
1.0
1.0
1.0
1.0
1.0
1.0
1.0
1.0
1.0
1.0
1.0
1.0
1.0
1.0
1.0
1.0
1.0
1.0
1.0
1.0
1.0
1.0
1.0
1.0
1.0
1.0
1.0
1.0
1.0
1.0
1.0
1.0
1.0
1.0
1.0
1.0
1.0
1.0
1.0
1.0
1.0
1.0
1.0
1.0
1.0
1.0
1.0
1.0
1.0
1.0
1.0
1.0
1.0
1.0
1.0
1.0
1.0
1.0
1.0
1.0
1.0
1.0
1.0
1.0
1.0
1.0
1.0
1.0
1.0
1.0
1.0
1.0
1.0
1.0
1.0
1.0
1.0
1.0
1.0
1.0
1.0
1.0
1.0
1.0
1.0
1.0
1.0
1.0
1.0
1.0
1.0
1.0
1.0
1.0
1.0
1.0
1.0
1.0
1.0
1.0
1.0
1.0
2.765209995320996e-15
1.0
1.0
1.0
1.0
1.0
1.0
1.0
1.0
1.0
1.0
1.0
1.0
1.0
1.0
1.0
1.0
1.0
1.0
1.0
1.0
1.0
1.0
1.0
1.0
1.0
1.0
1.0
1.0
1.0
1.0
1.0
1.0
1.0
1.0
1.0
1.0
1.0
1.0
1.0
1.0
1.0
1.0
1.0
1.0
1.0
1.0
1.0
1.0
1.0
1.0
1.0
1.0
1.0
1.0
1.0
1.0
1.0
1.0
1.0
1.0
1.0
1.0
1.0
1.0
1.0
1.0
1.0
1.0
1.0
1.0
1.0
1.0
1.0
1.0
1.0
1.0
1.0
1.0
1.0
1.0
1.0
1.0
1.0
1.0
1.0
1.0
1.0
1.0
1.0
1.0
1.0
1.0
1.0
1.0
1.0
1.0
1.0
1.0
1.0
1.0
1.0
1.0
1.0
1.0
1.0
1.0
1.0
1.0
1.0
1.0
1.0
1.0
1.0
1.0
1.0
1.0
1.0
1.0
1.0
1.0
1.0
1.0
1.0
1.0
1.0
1.0
1.0
1.0
1.0
1.0
1.0
1.0
1.0
1.0
1.0
1.0
1.0
1.0
1.0
1.0
1.0
1.0
1.0
1.0
1.0
1.0
1.0
1.0
1.0
1.0
1.0
1.0
1.0
1.0
1.0
1.0
1.0
1.0
1.0
1.0
1.0
1.0
1.0
1.0
1.0
1.0
1.0
1.0
1.0
1.0
1.0
1.0
1.0
1.0
1.0
1.0
1.0
1.0
1.0
1.0
1.0
1.0
1.0
1.0
1.0
1.0
1.0
1.0
1.0
1.0
1.0
1.0
1.0
1.0
1.0
1.0
1.0
1.0
1.0
1.0
1.0
1.0
1.0
1.0
1.0
1.0
1.0
1.0
1.0
1.0
1.0
1.0
1.0
1.0
1.0
1.0
1.0
1.0
1.0
1.0
1.0
1.0
1.0
1.0
1.0
1.0
1.0
1.0
1.0
1.0
1.0
1.0
1.0
1.0
1.0
1.0
1.0
1.0
1.0
1.0
1.0
1.0
1.0
1.0
1.0
1.0
1.0
1.0
1.0
1.0
1.0
1.0
1.0
1.0
1.0
1.0
1.0
1.0
1.0
1.0
1.0
1.0
1.0
1.0
1.0
1.0
1.0
1.0
1.0
1.0
1.0
1.0
1.0
1.0
1.0
1.0
1.0
1.0
1.0
1.0
1.0
1.0
1.0
1.0
1.0
1.0
1.0
1.0
1.0
1.0
1.0
1.0
1.0
1.0
1.0
1.0
1.0
1.0
1.0
1.0
1.0
1.0
1.0
1.0
1.0
1.0
1.0
1.0
1.0
1.0
1.0
1.0
1.0
1.0
1.0
1.0
1.0
1.0
1.0
1.0
1.0
1.0
1.0
1.0
1.0
1.0
1.0
1.0
1.0
1.0
1.0
1.0
1.0
1.0
1.0
1.0
1.0
1.0
1.0
1.0
1.0
1.0
1.0
1.0
1.0
1.0
1.0
1.0
1.0
1.0
1.0
1.0
1.0
1.0
1.0
1.0
1.0
1.0
1.0
1.0
1.0
1.0
1.0
1.0
1.0
1.0
1.0
1.0
1.0
1.0
1.0
1.0
1.0
1.0
1.0
1.0
1.0
1.0
1.0
1.0
1.0
1.0
1.0
1.0
1.0
1.0
1.0
1.0
1.0
1.0
1.0
1.0
1.0
1.0
1.0
1.0
1.0
1.0
1.0
1.0
1.0
1.0
1.0
1.0
1.0
1.0
1.0
1.0
1.0
1.0
1.0
1.0
1.0
1.0
1.0
1.0
1.0
1.0
1.0
1.0
1.0
1.0
1.0
1.0
1.0
1.0
1.0
1.0
1.0
1.0
1.0
1.0
1.0
1.0
1.0
1.0
1.0
1.0
1.0
1.0
1.0
1.0
1.0
1.0
1.0
1.0
1.0
1.0
1.0
1.0
1.0
1.0
1.0
1.0
1.0
1.0
1.0
1.0
1.0
1.0
1.0
1.0
1.0
1.0
1.0
1.0
1.0
1.0
1.0
1.0
1.0
1.0
1.0
1.0
1.0
1.0
1.0
1.0
1.0
1.0
1.0
1.0
1.0
1.0
1.0
1.0
1.0
1.0
1.0
1.0
1.0
1.0
1.0
1.0
1.0
1.0
1.0
1.0
1.0
1.0
1.0
1.0
1.0
1.0
1.0
1.0
1.0
1.0
1.0
1.0
1.0
1.0
1.0
1.0
1.0
1.0
1.0
1.0
1.0
1.0
1.0
1.0
1.0
1.0
1.0
1.0
1.0
1.0
1.0
1.0
1.0
1.0
1.0
1.0
1.0
1.0
1.0
1.0
1.0
1.0
1.0
1.0
1.0
1.0
1.0
1.0
1.0
1.0
1.0
1.0
1.0
1.0
1.0
1.0
1.0
1.0
1.0
1.0
1.0
1.0
1.0
1.0
1.0
1.0
1.0
1.0
1.0
1.0
1.0
1.0
1.0
1.0
1.0
1.0
1.0
1.0
1.0
1.0
1.0
1.0
1.0
1.0
1.0
1.0
1.0
1.0
1.0
1.0
1.0
1.0
1.0
1.0
1.0
1.0
1.0
1.0
1.0
1.0
1.0
1.0
1.0
1.0
1.0
1.0
1.0
1.0
1.0
1.0
1.0
1.0
1.0
1.0
1.0
1.0
1.0
1.0
1.0
1.0
1.0
1.0
1.0
1.0
1.0
1.0
1.0
1.0
1.0
1.0
1.0
1.0
1.0
1.0
1.0
1.0
1.0
1.0
1.0
1.0
1.0
1.0
1.0
1.0
1.0
1.0
1.0
1.0
1.0
1.0
1.0
1.0
1.0
1.0
1.0
1.0
1.0
1.0
1.0
1.0
1.0
1.0
1.0
1.0
1.0
1.0
1.0
1.0
1.0
1.0
1.0
1.0
1.0
1.0
1.0
1.0
1.0
1.0
1.0
1.0
1.0
1.0
1.0
1.0
1.0
1.0
1.0
1.0
1.0
1.0
1.0
1.0
1.0
1.0
1.0
1.0
1.0
1.0
1.0
1.0
1.0
1.0
1.0
1.0
1.0
1.0
1.0
1.0
1.0
1.0
1.0
1.0
1.0
1.0
1.0
1.0
1.0
1.0
1.0
1.0
1.0
1.0
1.0
1.0
1.0
1.0
1.0
1.0
1.0
1.0
1.0
1.0
1.0
1.0
1.0
1.0
1.0
1.0
1.0
1.0
1.0
1.0
1.0
1.0
1.0
1.0
1.0
1.0
1.0
1.0
1.0
1.0
1.0
1.0
1.0
1.0
1.0
1.0
1.0
1.0
1.0
1.0
1.0
1.0
1.0
1.0
1.0
1.0
1.0
1.0
1.0
1.0
1.0
1.0
1.0
1.0
1.0
1.0
1.0
1.0
1.0
1.0
1.0
1.0
1.0
1.0
1.0
1.0
1.0
1.0
1.0
1.0
1.0
1.0
1.0
1.0
1.0
1.0
1.0
1.0
1.0
1.0
1.0
1.0
1.0
1.0
1.0
1.0
1.0
1.0
1.0
1.0
1.0
1.0
1.0
1.0
1.0
1.0
1.0
1.0
1.0
1.0
1.0
1.0
1.0
1.0
1.0
1.0
1.0
1.0
1.0
1.0
1.0
1.0
1.0
1.0
1.0
1.0
1.0
1.0
1.0
1.0
1.0
1.0
1.0
1.0
1.0
1.0
1.0
1.0
1.0
1.0
1.0
1.0
1.0
1.0
1.0
1.0
1.0
1.0
1.0
1.0
1.0
1.0
1.0
1.0
1.0
1.0
1.0
1.0
1.0
1.0
1.0
1.0
1.0
1.0
1.0
1.0
1.0
1.0
1.0
1.0
1.0
1.0
1.0
1.0
1.0
1.0
1.0
1.0
1.0
1.0
1.0
1.0
1.0
1.0
1.0
1.0
1.0
1.0
1.0
1.0
1.0
1.0
1.0
1.0
1.0
1.0
1.0
1.0
1.0
1.0
1.0
1.0
1.0
1.0
1.0
1.0
1.0
1.0
1.0
1.0
1.0
1.0
1.0
1.0
1.0
1.0
1.0
1.0
1.0
1.0
1.0
1.0
1.0
1.0
1.0
1.0
1.0
1.0
1.0
1.0
1.0
1.0
1.0
1.0
1.0
1.0
1.0
1.0
1.0
1.0
1.0
1.0
1.0
1.0
1.0
1.0
1.0
1.0
1.0
1.0
1.0
1.0
1.0
1.0
1.0
1.0
1.0
1.0
1.0
1.0
1.0
1.0
1.0
1.0
1.0
1.0
1.0
1.0
1.0
1.0
1.0
1.0
1.0
1.0
1.0
1.0
1.0
1.0
1.0
1.0
1.0
1.0
1.0
1.0
1.0
1.0
1.0
1.0
1.0
1.0
1.0
1.0
1.0
1.0
1.0
1.0
1.0
1.0
1.0
1.0
1.0
1.0
1.0
1.0
1.0
1.0
1.0
1.0
1.0
1.0
1.0
1.0
1.0
1.0
1.0
1.0
1.0
1.0
1.0
1.0
1.0
1.0
1.0
1.0
1.0
1.0
1.0
1.0
1.0
1.0
1.0
1.0
1.0
1.0
1.0
1.0
1.0
1.0
1.0
1.0
1.0
1.0
1.0
1.0
1.0
1.0
1.0
1.0
1.0
1.0
1.0
1.0
1.0
1.0
1.0
1.0
1.0
1.0
1.0
1.0
1.0
1.0
1.0
1.0
1.0
1.0
1.0
1.0
1.0
1.0
1.0
1.0
1.0
1.0
1.0
1.0
1.0
1.0
1.0
1.0
1.0
1.0
1.0
1.0
1.0
1.0
1.0
1.0
1.0
1.0
1.0
1.0
1.0
1.0
1.0
1.0
1.0
1.0
1.0
1.0
1.0
1.0
1.0
1.0
1.0
1.0
1.0
1.0
1.0
1.0
1.0
1.0
1.0
1.0
1.0
1.0
1.0
1.0
1.0
1.0
1.0
1.0
1.0
1.0
1.0
1.0
1.0
1.0
1.0
1.0
1.0
1.0
1.0
1.0
1.0
1.0
1.0
1.0
1.0
1.0
1.0
1.0
1.0
1.0
1.0
1.0
1.0
1.0
1.0
1.0
1.0
1.0
1.0
1.0
1.0
1.0
1.0
1.0
1.0
1.0
1.0
1.0
1.0
1.0
1.0
1.0
1.0
1.0
1.0
1.0
1.0
1.0
1.0
1.0
1.0
1.0
1.0
1.0
1.0
1.0
1.0
1.0
1.0
1.0
1.0
1.0
1.0
1.0
1.0
1.0
1.0
1.0
1.0
1.0
1.0
1.0
1.0
1.0
1.0
1.0
1.0
1.0
1.0
1.0
1.0
1.0
1.0
1.0
1.0
1.0
1.0
1.0
1.0
1.0
1.0
1.0
1.0
1.0
1.0
1.0
1.0
1.0
1.0
1.0
1.0
1.0
1.0
1.0
1.0
1.0
1.0
1.0
1.0
1.0
1.0
1.0
1.0
1.0
1.0
1.0
1.0
1.0
1.0
1.0
1.0
1.0
1.0
1.0
1.0
1.0
1.0
1.0
1.0
1.0
1.0
1.0
1.0
1.0
1.0
1.0
1.0
1.0
1.0
1.0
1.0
1.0
1.0
1.0
1.0
1.0
1.0
1.0
1.0
1.0
1.0
1.0
1.0
1.0
1.0
1.0
1.0
1.0
1.0
1.0
1.0
1.0
1.0
1.0
1.0
1.0
1.0
1.0
1.0
1.0
1.0
1.0
1.0
1.0
1.0
1.0
1.0
1.0
1.0
1.0
1.0
1.0
1.0
1.0
1.0
1.0
1.0
1.0
1.0
1.0
1.0
1.0
1.0
1.0
1.0
1.0
1.0
1.0
1.0
1.0
1.0
1.0
1.0
1.0
1.0
1.0
1.0
1.0
1.0
1.0
1.0
1.0
1.0
1.0
1.0
1.0
1.0
1.0
1.0
1.0
1.0
1.0
1.0
1.0
1.0
1.0
1.0
1.0
1.0
1.0
1.0
1.0
1.0
1.0
1.0
1.0
1.0
1.0
1.0
1.0
1.0
1.0
1.0
1.0
1.0
1.0
1.0
1.0
1.0
1.0
1.0
1.0
1.0
1.0
1.0
1.0
1.0
1.0
1.0
1.0
1.0
1.0
1.0
1.0
1.0
1.0
1.0
1.0
1.0
1.0
1.0
1.0
1.0
1.0
1.0
1.0
1.0
1.0
1.0
1.0
1.0
1.0
1.0
1.0
1.0
1.0
1.0
1.0
1.0
1.0
1.0
1.0
1.0
1.0
1.0
1.0
1.0
1.0
1.0
1.0
1.0
1.0
1.0
1.0
1.0
1.0
1.0
1.0
1.0
1.0
1.0
1.0
1.0
1.0
1.0
1.0
1.0
1.0
1.0
1.0
1.0
1.0
1.0
1.0
1.0
1.0
1.0
1.0
1.0
1.0
1.0
1.0
1.0
1.0
1.0
1.0
1.0
1.0
1.0
1.0
1.0
1.0
1.0
1.0
1.0
1.0
1.0
1.0
1.0
1.0
1.0
1.0
1.0
1.0
1.0
1.0
1.0
1.0
1.0
1.0
1.0
1.0
1.0
1.0
1.0
1.0
1.0
1.0
1.0
1.0
1.0
1.0
1.0
1.0
1.0
1.0
1.0
1.0
1.0
1.0
1.0
1.0
1.0
1.0
1.0
1.0
1.0
1.0
1.0
1.0
1.0
1.0
1.0
1.0
1.0
1.0
1.0
1.0
1.0
1.0
1.0
1.0
1.0
1.0
1.0
1.0
1.0
1.0
1.0
1.0
1.0
1.0
1.0
1.0
1.0
1.0
1.0
1.0
1.0
1.0
1.0
1.0
1.0
1.0
1.0
1.0
1.0
1.0
1.0
1.0
1.0
1.0
1.0
1.0
1.0
1.0
1.0
1.0
1.0
1.0
1.0
1.0
1.0
1.0
1.0
1.0
1.0
1.0
1.0
1.0
1.0
1.0
1.0
1.0
1.0
1.0
1.0
1.0
1.0
1.0
1.0
1.0
1.0
1.0
1.0
1.0
1.0
1.0
1.0
1.0
1.0
1.0
1.0
1.0
1.0
1.0
1.0
1.0
1.0
1.0
1.0
1.0
1.0
1.0
1.0
1.0
1.0
1.0
1.0
1.0
1.0
1.0
1.0
1.0
1.0
1.0
1.0
1.0
1.0
1.0
1.0
1.0
1.0
1.0
1.0
1.0
1.0
1.0
1.0
1.0
1.0
1.0
1.0
1.0
1.0
1.0
1.0
1.0
1.0
1.0
1.0
1.0
1.0
1.0
1.0
1.0
1.0
1.0
1.0
1.0
1.0
1.0
1.0
1.0
1.0
1.0
1.0
1.0
1.0
1.0
1.0
1.0
1.0
1.0
1.0
1.0
1.0
1.0
1.0
1.0
1.0
1.0
1.0
1.0
1.0
1.0
1.0
1.0
1.0
1.0
1.0
1.0
1.0
1.0
1.0
1.0
1.0
1.0
1.0
1.0
1.0
1.0
1.0
1.0
1.0
1.0
1.0
1.0
1.0
1.0
1.0
1.0
1.0
1.0
1.0
1.0
1.0
1.0
1.0
1.0
1.0
1.0
1.0
1.0
1.0
1.0
1.0
1.0
1.0
1.0
1.0
1.0
1.0
1.0
1.0
1.0
1.0
1.0
1.0
1.0
1.0
1.0
1.0
1.0
1.0
1.0
1.0
1.0
1.0
1.0
1.0
1.0
1.0
1.0
1.0
1.0
1.0
1.0
1.0
1.0
1.0
1.0
1.0
1.0
1.0
1.0
1.0
1.0
1.0
1.0
1.0
1.0
1.0
1.0
1.0
1.0
1.0
1.0
1.0
1.0
1.0
1.0
1.0
1.0
1.0
1.0
1.0
1.0
1.0
1.0
1.0
1.0
1.0
1.0
1.0
1.0
1.0
1.0
1.0
1.0
1.0
1.0
1.0
1.0
1.0
1.0
1.0
1.0
1.0
1.0
1.0
1.0
1.0
1.0
1.0
1.0
1.0
1.0
1.0
1.0
1.0
1.0
1.0
1.0
1.0
1.0
1.0
1.0
1.0
1.0
1.0
1.0
1.0
1.0
1.0
1.0
1.0
1.0
1.0
1.0
1.0
1.0
1.0
1.0
1.0
1.0
1.0
1.0
1.0
1.0
1.0
1.0
1.0
1.0
1.0
1.0
1.0
1.0
1.0
1.0
1.0
1.0
1.0
1.0
1.0
1.0
1.0
1.0
1.0
1.0
1.0
1.0
1.0
1.0
1.0
1.0
1.0
1.0
1.0
1.0
1.0
1.0
1.0
1.0
1.0
1.0
1.0
1.0
1.0
1.0
1.0
1.0
1.0
1.0
1.0
1.0
1.0
1.0
1.0
1.0
1.0
1.0
1.0
1.0
1.0
1.0
1.0
1.0
1.0
1.0
1.0
1.0
1.0
1.0
1.0
1.0
1.0
1.0
1.0
1.0
1.0
1.0
1.0
1.0
1.0
1.0
1.0
1.0
1.0
1.0
1.0
1.0
1.0
1.0
1.0
1.0
1.0
1.0
1.0
1.0
1.0
1.0
1.0
1.0
1.0
1.0
1.0
1.0
1.0
1.0
1.0
1.0
1.0
1.0
1.0
1.0
1.0
1.0
1.0
1.0
1.0
1.0
1.0
1.0
1.0
1.0
1.0
1.0
1.0
1.0
1.0
1.0
1.0
1.0
1.0
1.0
1.0
1.0
1.0
1.0
1.0
1.0
1.0
1.0
1.0
1.0
1.0
1.0
1.0
1.0
1.0
1.0
1.0
1.0
1.0
1.0
1.0
1.0
1.0
1.0
1.0
1.0
1.0
1.0
1.0
1.0
1.0
1.0
1.0
1.0
1.0
1.0
1.0
1.0
1.0
1.0
1.0
1.0
1.0
1.0
1.0
1.0
1.0
1.0
1.0
1.0
1.0
1.0
1.0
1.0
1.0
1.0
1.0
1.0
1.0
1.0
1.0
1.0
1.0
1.0
1.0
1.0
1.0
1.0
1.0
1.0
1.0
1.0
1.0
1.0
1.0
1.0
1.0
1.0
1.0
1.0
1.0
1.0
1.0
1.0
1.0
1.0
1.0
1.0
1.0
1.0
1.0
1.0
1.0
1.0
1.0
1.0
1.0
1.0
1.0
1.0
1.0
1.0
1.0
1.0
1.0
1.0
1.0
1.0
1.0
1.0
1.0
1.0
1.0
1.0
1.0
1.0
1.0
1.0
1.0
1.0
1.0
1.0
1.0
1.0
1.0
1.0
1.0
1.0
1.0
1.0
1.0
1.0
1.0
1.0
1.0
1.0
1.0
1.0
1.0
1.0
1.0
1.0
1.0
1.0
1.0
1.0
1.0
1.0
1.0
1.0
1.0
1.0
1.0
1.0
1.0
1.0
1.0
1.0
1.0
1.0
1.0
1.0
1.0
1.0
1.0
1.0
1.0
1.0
1.0
1.0
1.0
1.0
1.0
1.0
1.0
1.0
1.0
1.0
1.0
1.0
1.0
1.0
1.0
1.0
1.0
1.0
1.0
1.0
1.0
1.0
1.0
1.0
1.0
1.0
1.0
1.0
1.0
1.0
1.0
1.0
1.0
1.0
1.0
1.0
1.0
1.0
1.0
1.0
1.0
1.0
1.0
1.0
1.0
1.0
1.0
1.0
1.0
1.0
1.0
1.0
1.0
1.0
1.0
1.0
1.0
1.0
1.0
1.0
1.0
1.0
1.0
1.0
1.0
1.0
1.0
1.0
1.0
1.0
1.0
1.0
1.0
1.0
1.0
1.0
1.0
1.0
1.0
1.0
1.0
1.0
1.0
1.0
1.0
1.0
1.0
1.0
1.0
1.0
1.0
1.0
1.0
1.0
1.0
1.0
1.0
1.0
1.0
1.0
1.0
1.0
1.0
1.0
1.0
1.0
1.0
1.0
1.0
1.0
1.0
1.0
1.0
1.0
1.0
1.0
1.0
1.0
1.0
1.0
1.0
1.0
1.0
1.0
1.0
1.0
1.0
1.0
1.0
1.0
1.0
1.0
1.0
1.0
1.0
1.0
1.0
1.0
1.0
1.0
1.0
1.0
1.0
1.0
1.0
1.0
1.0
1.0
1.0
1.0
1.0
1.0
1.0
1.0
1.0
1.0
1.0
1.0
1.0
1.0
1.0
1.0
1.0
1.0
1.0
1.0
1.0
1.0
1.0
1.0
1.0
1.0
1.0
1.0
1.0
1.0
1.0
1.0
1.0
1.0
1.0
1.0
1.0
1.0
1.0
1.0
1.0
1.0
1.0
1.0
1.0
1.0
1.0
1.0
1.0
1.0
1.0
1.0
1.0
1.0
1.0
1.0
1.0
1.0
1.0
1.0
1.0
1.0
1.0
1.0
1.0
1.0
1.0
1.0
1.0
1.0
1.0
1.0
1.0
1.0
1.0
1.0
1.0
1.0
1.0
1.0
1.0
1.0
1.0
1.0
1.0
1.0
1.0
1.0
1.0
1.0
1.0
1.0
1.0
1.0
1.0
1.0
1.0
1.0
1.0
1.0
1.0
1.0
1.0
1.0
1.0
1.0
1.0
1.0
1.0
1.0
1.0
1.0
1.0
1.0
1.0
1.0
1.0
1.0
1.0
1.0
1.0
1.0
1.0
1.0
1.0
1.0
1.0
1.0
1.0
1.0
1.0
1.0
1.0
1.0
1.0
1.0
1.0
1.0
1.0
1.0
1.0
1.0
1.0
1.0
1.0
1.0
1.0
1.0
1.0
1.0
1.0
1.0
1.0
1.0
1.0
1.0
1.0
1.0
1.0
1.0
1.0
1.0
1.0
1.0
1.0
1.0
1.0
1.0
1.0
1.0
1.0
1.0
1.0
1.0
1.0
1.0
1.0
1.0
1.0
1.0
1.0
1.0
1.0
1.0
1.0
1.0
1.0
1.0
1.0
1.0
1.0
1.0
1.0
1.0
1.0
1.0
1.0
1.0
1.0
1.0
1.0
1.0
1.0
1.0
1.0
1.0
1.0
1.0
1.0
1.0
1.0
1.0
1.0
1.0
1.0
1.0
1.0
1.0
1.0
1.0
1.0
1.0
1.0
1.0
1.0
1.0
1.0
1.0
1.0
1.0
1.0
1.0
1.0
1.0
1.0
1.0
1.0
1.0
1.0
1.0
1.0
1.0
1.0
1.0
1.0
1.0
1.0
1.0
1.0
1.0
1.0
1.0
1.0
1.0
1.0
1.0
1.0
1.0
1.0
1.0
1.0
1.0
1.0
1.0
1.0
1.0
1.0
1.0
1.0
1.0
1.0
1.0
1.0
1.0
1.0
1.0
1.0
1.0
1.0
1.0
1.0
1.0
1.0
1.0
1.0
1.0
1.0
1.0
1.0
1.0
1.0
1.0
1.0
1.0
1.0
1.0
1.0
1.0
1.0
1.0
1.0
1.0
1.0
1.0
1.0
1.0
1.0
1.0
1.0
1.0
1.0
1.0
1.0
1.0
1.0
1.0
1.0
1.0
1.0
1.0
1.0
1.0
1.0
1.0
1.0
1.0
1.0
1.0
1.0
1.0
1.0
1.0
1.0
1.0
1.0
1.0
1.0
1.0
1.0
1.0
1.0
1.0
1.0
1.0
1.0
1.0
1.0
1.0
1.0
1.0
1.0
1.0
1.0
1.0
1.0
1.0
1.0
1.0
1.0
1.0
1.0
1.0
1.0
1.0
1.0
1.0
1.0
1.0
1.0
1.0
1.0
1.0
1.0
1.0
1.0
1.0
1.0
1.0
1.0
1.0
1.0
1.0
1.0
1.0
1.0
1.0
1.0
1.0
1.0
1.0
1.0
1.0
1.0
1.0
1.0
1.0
1.0
1.0
1.0
1.0
1.0
1.0
1.0
1.0
1.0
1.0
1.0
1.0
1.0
1.0
1.0
1.0
1.0
1.0
1.0
1.0
1.0
1.0
1.0
1.0
1.0
1.0
1.0
1.0
1.0
1.0
1.0
1.0
1.0
1.0
1.0
1.0
1.0
1.0
1.0
1.0
1.0
1.0
1.0
1.0
1.0
1.0
1.0
1.0
1.0
1.0
1.0
1.0
1.0
1.0
1.0
1.0
1.0
1.0
1.0
1.0
1.0
1.0
1.0
1.0
1.0
1.0
1.0
1.0
1.0
1.0
1.0
1.0
1.0
1.0
1.0
1.0
1.0
1.0
1.0
1.0
1.0
1.0
1.0
1.0
1.0
1.0
1.0
1.0
1.0
1.0
1.0
1.0
1.0
1.0
1.0
1.0
1.0
1.0
1.0
1.0
1.0
1.0
1.0
1.0
1.0
1.0
1.0
1.0
1.0
1.0
1.0
1.0
1.0
1.0
1.0
1.0
1.0
1.0
1.0
1.0
1.0
1.0
1.0
1.0
1.0
1.0
1.0
1.0
1.0
1.0
1.0
1.0
1.0
1.0
1.0
1.0
1.0
1.0
1.0
1.0
1.0
1.0
1.0
1.0
1.0
1.0
1.0
1.0
1.0
1.0
1.0
1.0
1.0
1.0
1.0
1.0
1.0
1.0
1.0
1.0
1.0
1.0
1.0
1.0
1.0
1.0
1.0
1.0
1.0
1.0
1.0
1.0
1.0
1.0
1.0
1.0
1.0
1.0
1.0
1.0
1.0
1.0
1.0
1.0
1.0
1.0
1.0
1.0
1.0
1.0
1.0
1.0
1.0
1.0
1.0
1.0
1.0
1.0
1.0
1.0
1.0
1.0
1.0
1.0
1.0
1.0
1.0
1.0
1.0
1.0
1.0
1.0
1.0
1.0
1.0
1.0
1.0
1.0
1.0
1.0
1.0
1.0
1.0
1.0
1.0
1.0
1.0
1.0
1.0
1.0
1.0
1.0
1.0
1.0
1.0
1.0
1.0
1.0
1.0
1.0
1.0
1.0
1.0
1.0
1.0
1.0
1.0
1.0
1.0
1.0
1.0
1.0
1.0
1.0
1.0
1.0
1.0
1.0
1.0
1.0
1.0
1.0
1.0
1.0
1.0
1.0
1.0
1.0
1.0
1.0
1.0
1.0
1.0
1.0
1.0
1.0
1.0
1.0
1.0
1.0
1.0
1.0
1.0
1.0
1.0
1.0
1.0
1.0
1.0
1.0
1.0
1.0
1.0
1.0
1.0
1.0
1.0
1.0
1.0
1.0
1.0
1.0
1.0
1.0
1.0
1.0
1.0
1.0
1.0
1.0
1.0
1.0
1.0
1.0
1.0
1.0
1.0
1.0
1.0
1.0
1.0
1.0
1.0
1.0
1.0
1.0
1.0
1.0
1.0
1.0
1.0
1.0
1.0
1.0
1.0
1.0
1.0
1.0
1.0
1.0
1.0
1.0
1.0
1.0
1.0
1.0
1.0
1.0
1.0
1.0
1.0
1.0
1.0
1.0
1.0
1.0
1.0
1.0
1.0
1.0
1.0
1.0
1.0
1.0
1.0
1.0
1.0
1.0
1.0
1.0
1.0
1.0
1.0
1.0
1.0
1.0
1.0
1.0
1.0
1.0
1.0
1.0
1.0
1.0
1.0
1.0
1.0
1.0
1.0
1.0
1.0
1.0
1.0
1.0
1.0
1.0
1.0
1.0
1.0
1.0
1.0
1.0
1.0
1.0
1.0
1.0
1.0
1.0
1.0
1.0
1.0
1.0
1.0
1.0
1.0
1.0
1.0
1.0
1.0
1.0
1.0
1.0
1.0
1.0
1.0
1.0
1.0
1.0
1.0
1.0
1.0
1.0
1.0
1.0
1.0
1.0
1.0
1.0
1.0
1.0
1.0
1.0
1.0
1.0
1.0
1.0
1.0
1.0
1.0
1.0
1.0
1.0
1.0
1.0
1.0
1.0
1.0
1.0
1.0
1.0
1.0
1.0
1.0
1.0
1.0
1.0
1.0
1.0
1.0
1.0
1.0
1.0
1.0
1.0
1.0
1.0
1.0
1.0
1.0
1.0
1.0
1.0
1.0
1.0
1.0
1.0
1.0
1.0
1.0
1.0
1.0
1.0
1.0
1.0
1.0
1.0
1.0
1.0
1.0
1.0
1.0
1.0
1.0
1.0
1.0
1.0
1.0
1.0
1.0
1.0
1.0
1.0
1.0
1.0
1.0
1.0
1.0
1.0
1.0
1.0
1.0
1.0
1.0
1.0
1.0
1.0
1.0
1.0
1.0
1.0
1.0
1.0
1.0
1.0
1.0
1.0
1.0
1.0
1.0
1.0
1.0
1.0
1.0
1.0
1.0
1.0
1.0
1.0
1.0
1.0
1.0
1.0
1.0
1.0
1.0
1.0
1.0
1.0
1.0
1.0
1.0
1.0
1.0
1.0
1.0
1.0
1.0
1.0
1.0
1.0
1.0
1.0
1.0
1.0
1.0
1.0
1.0
1.0
1.0
1.0
1.0
1.0
1.0
1.0
1.0
1.0
1.0
1.0
1.0
1.0
1.0
1.0
1.0
1.0
1.0
1.0
1.0
1.0
1.0
1.0
1.0
1.0
1.0
1.0
1.0
1.0
1.0
1.0
1.0
1.0
1.0
1.0
1.0
1.0
1.0
1.0
1.0
1.0
1.0
1.0
1.0
1.0
1.0
1.0
1.0
1.0
1.0
1.0
1.0
1.0
1.0
1.0
1.0
1.0
1.0
1.0
1.0
1.0
1.0
1.0
1.0
1.0
1.0
1.0
1.0
1.0
1.0
1.0
1.0
1.0
1.0
1.0
1.0
1.0
1.0
1.0
1.0
1.0
1.0
1.0
1.0
1.0
1.0
1.0
1.0
1.0
1.0
1.0
1.0
1.0
1.0
1.0
1.0
1.0
1.0
1.0
1.0
1.0
1.0
1.0
1.0
1.0
1.0
1.0
1.0
1.0
1.0
1.0
1.0
1.0
1.0
1.0
1.0
1.0
1.0
1.0
1.0
1.0
1.0
1.0
1.0
1.0
1.0
1.0
1.0
1.0
1.0
1.0
1.0
1.0
1.0
1.0
1.0
1.0
1.0
1.0
1.0
1.0
1.0
1.0
1.0
1.0
1.0
1.0
1.0
1.0
1.0
1.0
1.0
1.0
1.0
1.0
1.0
1.0
1.0
1.0
1.0
1.0
1.0
1.0
1.0
1.0
1.0
1.0
1.0
1.0
1.0
1.0
1.0
1.0
1.0
1.0
1.0
1.0
1.0
1.0
1.0
1.0
1.0
1.0
1.0
1.0
1.0
1.0
1.0
1.0
1.0
1.0
1.0
1.0
1.0
1.0
1.0
1.0
1.0
1.0
1.0
1.0
1.0
1.0
1.0
1.0
1.0
1.0
1.0
1.0
1.0
1.0
1.0
1.0
1.0
1.0
1.0
1.0
1.0
1.0
1.0
1.0
1.0
1.0
1.0
1.0
1.0
1.0
1.0
1.0
1.0
1.0
1.0
1.0
1.0
1.0
1.0
1.0
1.0
1.0
1.0
1.0
1.0
1.0
1.0
1.0
1.0
1.0
1.0
1.0
1.0
1.0
1.0
1.0
1.0
1.0
1.0
1.0
1.0
1.0
1.0
1.0
1.0
1.0
1.0
1.0
1.0
1.0
1.0
1.0
1.0
1.0
1.0
1.0
1.0
1.0
1.0
1.0
1.0
1.0
1.0
1.0
1.0
1.0
1.0
1.0
1.0
1.0
1.0
1.0
1.0
1.0
1.0
1.0
1.0
1.0
1.0
1.0
1.0
1.0
1.0
1.0
1.0
1.0
1.0
1.0
1.0
1.0
1.0
1.0
1.0
1.0
1.0
1.0
1.0
1.0
1.0
1.0
1.0
1.0
1.0
1.0
1.0
1.0
1.0
1.0
1.0
1.0
1.0
1.0
1.0
1.0
1.0
1.0
1.0
1.0
1.0
1.0
1.0
1.0
1.0
1.0
1.0
1.0
1.0
1.0
1.0
1.0
1.0
1.0
1.0
1.0
1.0
1.0
1.0
1.0
1.0
1.0
1.0
1.0
1.0
1.0
1.0
1.0
1.0
1.0
1.0
1.0
1.0
1.0
1.0
1.0
1.0
1.0
1.0
